  129  129    1    1
  0.1978848E+01  0.1006980E-08  0.5034898E-09  0.5034898E-09  0.5000000E-15
  1.000000000000000E-004
  CAR 
 unknown system                          
    513      1   1536
 
  0.0000000E+00  0.0000000E+00  0.0000000E+00  0.1000000E+01
    1       -9.057610   0.989438
    2       -8.870925   0.989241
    3       -8.031603   0.988310
    4       -7.212241   0.987325
    5       -5.659068   0.985226
    6       -5.490410   0.984979
    7       -5.048198   0.984310
    8       -4.883860   0.984055
    9       -4.006649   0.982618
   10       -3.550290   0.981821
   11       -3.501687   0.981734
   12       -3.026273   0.980862
   13       -2.728399   0.980295
   14       -2.362059   0.979574
   15       -2.260861   0.979371
   16       -2.111325   0.979067
   17       -1.759395   0.978333
   18       -1.402327   0.977563
   19       -1.277704   0.977288
   20       -1.080914   0.976847
   21       -0.866046   0.976356
   22       -0.660612   0.975877
   23        0.008627   0.974251
   24        0.145192   0.973906
   25        0.286972   0.973543
   26        0.414675   0.973212
   27        0.617254   0.972679
   28        0.710869   0.972429
   29        1.031980   0.971555
   30        1.269821   0.970890
   31        1.495593   0.970245
   32        1.720550   0.969589
   33        1.866316   0.969156
   34        2.138643   0.968332
   35        2.390798   0.967549
   36        2.581530   0.966945
   37        2.752451   0.966394
   38        2.945176   0.965763
   39        3.191476   0.964939
   40        3.435576   0.964104
   41        3.506258   0.963858
   42        3.541309   0.963736
   43        3.846869   0.962653
   44        4.150913   0.961544
   45        4.384981   0.960669
   46        4.435017   0.960480
   47        4.605725   0.959827
   48        4.756456   0.959241
   49        5.000190   0.958278
   50        5.155315   0.957653
   51        5.409205   0.956611
   52        5.563827   0.955965
   53        5.846749   0.954759
   54        6.007587   0.954059
   55        6.107112   0.953621
   56        6.392173   0.952343
   57        6.577206   0.951497
   58        6.619642   0.951300
   59        6.694334   0.950953
   60        6.962968   0.949685
   61        7.376548   0.947671
   62        7.465563   0.947228
   63        7.538568   0.946862
   64        7.724292   0.945920
   65        7.942046   0.944795
   66        8.238160   0.943230
   67        8.272027   0.943049
   68        8.300747   0.942894
   69        8.421530   0.942240
   70        8.663172   0.940911
   71        8.792075   0.940190
   72        8.858474   0.939816
   73        9.122783   0.938303
   74        9.377948   0.936810
   75        9.546292   0.935806
   76        9.790269   0.934324
   77        9.903030   0.933629
   78       10.017520   0.932916
   79       10.143384   0.932124
   80       10.298237   0.931138
   81       10.372736   0.930658
   82       10.577963   0.929322
   83       10.636063   0.928940
   84       10.763893   0.928091
   85       10.894091   0.927217
   86       11.015954   0.926391
   87       11.314684   0.924328
   88       11.568804   0.922531
   89       11.624058   0.922135
   90       11.786149   0.920963
   91       11.866958   0.920373
   92       12.085325   0.918758
   93       12.155131   0.918235
   94       12.246550   0.917546
   95       12.581748   0.914975
   96       12.642015   0.914505
   97       12.674597   0.914249
   98       12.811752   0.913168
   99       12.883507   0.912597
  100       13.316693   0.909080
  101       13.403965   0.908356
  102       13.498347   0.907567
  103       13.709604   0.905780
  104       13.941674   0.903780
  105       14.261958   0.900959
  106       14.324882   0.900396
  107       14.407375   0.899654
  108       14.717291   0.896821
  109       14.807481   0.895984
  110       14.842273   0.895659
  111       15.123350   0.893003
  112       15.241023   0.891873
  113       15.469671   0.889648
  114       15.547323   0.888884
  115       15.678781   0.887579
  116       15.796519   0.886398
  117       15.915117   0.885199
  118       16.043374   0.883889
  119       16.110280   0.883200
  120       16.303959   0.881188
  121       16.537776   0.878718
  122       16.580032   0.878267
  123       16.797955   0.875918
  124       16.917226   0.874615
  125       17.241598   0.871015
  126       17.417169   0.869029
  127       17.614400   0.866768
  128       17.712832   0.865627
  129       17.895979   0.863483
  130       18.097436   0.861091
  131       18.334280   0.858233
  132       18.470665   0.856566
  133       18.631058   0.854584
  134       18.752978   0.853062
  135       18.817929   0.852246
  136       19.245196   0.846785
  137       19.354981   0.845355
  138       19.460309   0.843973
  139       19.666035   0.841245
  140       19.770458   0.839845
  141       19.818322   0.839200
  142       19.907955   0.837987
  143       20.230940   0.833554
  144       20.357277   0.831794
  145       20.508041   0.829674
  146       20.788365   0.825676
  147       20.957118   0.823233
  148       21.116362   0.820904
  149       21.355374   0.817363
  150       21.441762   0.816070
  151       21.601479   0.813661
  152       21.776106   0.810998
  153       21.863009   0.809663
  154       21.943950   0.808412
  155       22.139889   0.805359
  156       22.332808   0.802317
  157       22.389574   0.801415
  158       22.529874   0.799173
  159       22.640823   0.797386
  160       22.947942   0.792379
  161       23.162674   0.788824
  162       23.361369   0.785495
  163       23.445213   0.784079
  164       23.724403   0.779315
  165       23.840853   0.777306
  166       24.189760   0.771208
  167       24.294242   0.769359
  168       24.366257   0.768079
  169       24.674441   0.762544
  170       24.788175   0.760478
  171       24.987174   0.756835
  172       25.133942   0.754123
  173       25.233753   0.752268
  174       25.337135   0.750336
  175       25.652630   0.744380
  176       25.740160   0.742711
  177       25.787877   0.741798
  178       25.958877   0.738509
  179       26.169975   0.734412
  180       26.369124   0.730509
  181       26.456583   0.728784
  182       26.533163   0.727268
  183       26.701194   0.723922
  184       27.007973   0.717749
  185       27.190472   0.714037
  186       27.361562   0.710531
  187       27.434431   0.709030
  188       27.605987   0.705478
  189       27.891808   0.699505
  190       27.957751   0.698117
  191       28.074380   0.695653
  192       28.213809   0.692693
  193       28.378948   0.689167
  194       28.491322   0.686754
  195       28.650838   0.683313
  196       28.863102   0.678701
  197       29.208620   0.671121
  198       29.332382   0.668383
  199       29.404095   0.666792
  200       29.664429   0.660983
  201       29.785381   0.658267
  202       29.876905   0.656206
  203       30.014200   0.653102
  204       30.096349   0.651238
  205       30.292829   0.646762
  206       30.370778   0.644980
  207       30.514393   0.641684
  208       30.666778   0.638173
  209       30.769209   0.635804
  210       30.808848   0.634886
  211       31.025455   0.629850
  212       31.171411   0.626441
  213       31.260864   0.624346
  214       31.373048   0.621711
  215       31.447734   0.619953
  216       31.754597   0.612697
  217       31.788637   0.611888
  218       31.956644   0.607891
  219       32.035287   0.606015
  220       32.301652   0.599638
  221       32.506882   0.594701
  222       32.562862   0.593351
  223       32.810061   0.587373
  224       32.975777   0.583351
  225       33.054522   0.581435
  226       33.201015   0.577866
  227       33.338574   0.574507
  228       33.654115   0.566776
  229       33.755491   0.564285
  230       33.863480   0.561628
  231       33.952754   0.559429
  232       34.275464   0.551461
  233       34.399605   0.548388
  234       34.613826   0.543078
  235       34.685776   0.541292
  236       34.859049   0.536986
  237       34.946316   0.534816
  238       35.053356   0.532152
  239       35.259739   0.527010
  240       35.359452   0.524524
  241       35.492715   0.521200
  242       35.549650   0.519779
  243       35.790017   0.513776
  244       35.916353   0.510620
  245       35.992412   0.508719
  246       36.393769   0.498686
  247       36.496820   0.496110
  248       36.620135   0.493027
  249       36.867620   0.486843
  250       36.924025   0.485434
  251       36.995460   0.483650
  252       37.174093   0.479190
  253       37.234396   0.477685
  254       37.386000   0.473904
  255       37.556026   0.469667
  256       37.597218   0.468641
  257       37.661306   0.467045
  258       37.812820   0.463276
  259       38.054644   0.457269
  260       38.147525   0.454964
  261       38.334354   0.450336
  262       38.521971   0.445696
  263       38.597272   0.443836
  264       38.690664   0.441532
  265       38.894253   0.436518
  266       39.010662   0.433657
  267       39.248367   0.427829
  268       39.308592   0.426355
  269       39.389375   0.424380
  270       39.486005   0.422022
  271       39.627532   0.418573
  272       39.720448   0.416314
  273       39.825903   0.413754
  274       39.938529   0.411024
  275       40.024303   0.408950
  276       40.280120   0.402781
  277       40.343342   0.401261
  278       40.491587   0.397705
  279       40.651905   0.393871
  280       40.840763   0.389371
  281       40.913900   0.387634
  282       41.051026   0.384384
  283       41.155837   0.381907
  284       41.328227   0.377846
  285       41.489264   0.374068
  286       41.632600   0.370718
  287       41.678688   0.369643
  288       41.829251   0.366142
  289       41.947279   0.363407
  290       42.125932   0.359284
  291       42.196626   0.357658
  292       42.238435   0.356699
  293       42.394246   0.353131
  294       42.426678   0.352391
  295       42.674703   0.346751
  296       42.801173   0.343892
  297       42.876641   0.342192
  298       43.054394   0.338202
  299       43.083863   0.337542
  300       43.415486   0.330167
  301       43.464057   0.329094
  302       43.534214   0.327547
  303       43.713311   0.323614
  304       43.872415   0.320142
  305       43.929259   0.318906
  306       43.989929   0.317589
  307       44.080899   0.315621
  308       44.188799   0.313295
  309       44.400332   0.308762
  310       44.681382   0.302796
  311       44.777277   0.300776
  312       44.843171   0.299392
  313       44.893115   0.298345
  314       45.241508   0.291104
  315       45.380348   0.288247
  316       45.519712   0.285396
  317       45.619617   0.283363
  318       45.692533   0.281885
  319       45.742629   0.280872
  320       45.873797   0.278230
  321       46.237322   0.270989
  322       46.293629   0.269878
  323       46.399496   0.267797
  324       46.431916   0.267162
  325       46.495970   0.265910
  326       46.759739   0.260793
  327       46.804757   0.259926
  328       46.954303   0.257059
  329       47.189775   0.252588
  330       47.326598   0.250014
  331       47.439188   0.247909
  332       47.695865   0.243154
  333       47.775847   0.241685
  334       47.823883   0.240806
  335       47.990425   0.237774
  336       48.056913   0.236571
  337       48.220454   0.233630
  338       48.309606   0.232038
  339       48.411898   0.230220
  340       48.624386   0.226476
  341       48.710305   0.224974
  342       48.829437   0.222904
  343       48.904289   0.221610
  344       49.174851   0.216978
  345       49.340083   0.214184
  346       49.423204   0.212788
  347       49.579218   0.210187
  348       49.673468   0.208626
  349       49.908381   0.204774
  350       50.063531   0.202259
  351       50.148058   0.200899
  352       50.301764   0.198443
  353       50.358312   0.197545
  354       50.450462   0.196088
  355       50.490562   0.195457
  356       50.626771   0.193324
  357       50.783955   0.190884
  358       50.890546   0.189243
  359       51.029305   0.187124
  360       51.138113   0.185474
  361       51.373616   0.181943
  362       51.486076   0.180275
  363       51.648996   0.177880
  364       51.679668   0.177432
  365       51.716423   0.176896
  366       51.896312   0.174292
  367       52.088749   0.171540
  368       52.144887   0.170743
  369       52.237918   0.169430
  370       52.447386   0.166503
  371       52.538997   0.165235
  372       52.700565   0.163019
  373       52.811476   0.161511
  374       52.928964   0.159926
  375       53.065558   0.158100
  376       53.174260   0.156658
  377       53.248887   0.155675
  378       53.426055   0.153360
  379       53.669400   0.150227
  380       53.745749   0.149255
  381       53.789492   0.148701
  382       53.931261   0.146915
  383       54.076942   0.145099
  384       54.206569   0.143498
  385       54.382359   0.141351
  386       54.549322   0.139337
  387       54.609014   0.138622
  388       54.747778   0.136974
  389       54.866658   0.135574
  390       55.041115   0.133543
  391       55.296229   0.130618
  392       55.361397   0.129880
  393       55.503549   0.128282
  394       55.572830   0.127509
  395       55.660018   0.126543
  396       55.733087   0.125737
  397       55.815591   0.124833
  398       55.936305   0.123520
  399       56.140444   0.121327
  400       56.204821   0.120642
  401       56.391030   0.118681
  402       56.492996   0.117618
  403       56.554293   0.116984
  404       56.679000   0.115702
  405       56.945805   0.113000
  406       57.159125   0.110879
  407       57.327056   0.109234
  408       57.521023   0.107361
  409       57.598186   0.106624
  410       57.678738   0.105859
  411       57.905791   0.103729
  412       58.022408   0.102650
  413       58.042027   0.102470
  414       58.154638   0.101438
  415       58.171800   0.101282
  416       58.356774   0.099611
  417       58.519678   0.098159
  418       58.650682   0.097006
  419       58.779478   0.095883
  420       58.967238   0.094268
  421       59.131032   0.092879
  422       59.264854   0.091757
  423       59.347351   0.091072
  424       59.442037   0.090291
  425       59.547054   0.089432
  426       59.647456   0.088618
  427       59.762169   0.087696
  428       59.936418   0.086312
  429       60.077288   0.085207
  430       60.223281   0.084076
  431       60.324163   0.083303
  432       60.403802   0.082697
  433       60.594978   0.081258
  434       60.675436   0.080659
  435       60.849628   0.079377
  436       61.085767   0.077668
  437       61.172953   0.077046
  438       61.259560   0.076433
  439       61.411118   0.075370
  440       61.541314   0.074467
  441       61.652836   0.073702
  442       61.742841   0.073090
  443       61.916961   0.071919
  444       62.016268   0.071259
  445       62.182194   0.070169
  446       62.323134   0.069255
  447       62.503421   0.068102
  448       62.621876   0.067354
  449       62.719597   0.066743
  450       62.871631   0.065802
  451       62.923546   0.065483
  452       63.023132   0.064877
  453       63.161709   0.064041
  454       63.293686   0.063254
  455       63.387683   0.062700
  456       63.462194   0.062263
  457       63.585460   0.061547
  458       63.646751   0.061194
  459       63.787144   0.060393
  460       63.951293   0.059468
  461       64.091203   0.058690
  462       64.260088   0.057764
  463       64.392455   0.057048
  464       64.617592   0.055849
  465       64.649232   0.055682
  466       64.753319   0.055137
  467       64.916620   0.054293
  468       65.109491   0.053311
  469       65.189136   0.052910
  470       65.356911   0.052076
  471       65.407386   0.051827
  472       65.468613   0.051527
  473       65.563212   0.051067
  474       65.733666   0.050247
  475       65.815014   0.049860
  476       65.968415   0.049139
  477       66.075908   0.048639
  478       66.179550   0.048162
  479       66.333900   0.047459
  480       66.356452   0.047357
  481       66.557709   0.046457
  482       66.629720   0.046139
  483       66.767230   0.045538
  484       66.817166   0.045321
  485       66.919344   0.044881
  486       67.075738   0.044216
  487       67.189368   0.043738
  488       67.413436   0.042810
  489       67.487353   0.042508
  490       67.539039   0.042299
  491       67.654449   0.041834
  492       67.787242   0.041304
  493       67.893903   0.040884
  494       67.970805   0.040584
  495       68.082591   0.040151
  496       68.259908   0.039473
  497       68.425979   0.038848
  498       68.546835   0.038399
  499       68.687915   0.037882
  500       68.936948   0.036984
  501       68.951402   0.036933
  502       69.072748   0.036504
  503       69.260893   0.035848
  504       69.314007   0.035665
  505       69.461859   0.035160
  506       69.659826   0.034494
  507       69.726821   0.034272
  508       69.869912   0.033801
  509       69.986237   0.033423
  510       70.023011   0.033305
  511       70.201221   0.032736
  512       70.388896   0.032147
  513       70.521547   0.031737
  514       70.634240   0.031392
  515       70.780975   0.030949
  516       70.836522   0.030783
  517       70.934583   0.030492
  518       71.019806   0.030241
  519       71.105419   0.029991
  520       71.167383   0.029811
  521       71.274094   0.029504
  522       71.393394   0.029164
  523       71.499801   0.028864
  524       71.552585   0.028717
  525       71.834503   0.027941
  526       71.910585   0.027735
  527       72.021466   0.027437
  528       72.121472   0.027172
  529       72.242612   0.026853
  530       72.471355   0.026262
  531       72.622754   0.025878
  532       72.692712   0.025702
  533       72.701056   0.025681
  534       72.919022   0.025141
  535       72.965383   0.025028
  536       73.093218   0.024718
  537       73.261859   0.024315
  538       73.323222   0.024169
  539       73.363682   0.024074
  540       73.436719   0.023903
  541       73.557993   0.023622
  542       73.747748   0.023188
  543       73.826650   0.023010
  544       74.012311   0.022596
  545       74.090605   0.022424
  546       74.194076   0.022198
  547       74.397246   0.021762
  548       74.474693   0.021597
  549       74.584381   0.021367
  550       74.813212   0.020894
  551       74.931716   0.020652
  552       75.047616   0.020419
  553       75.191965   0.020133
  554       75.272340   0.019975
  555       75.321189   0.019879
  556       75.548131   0.019442
  557       75.576920   0.019387
  558       75.592108   0.019358
  559       75.647028   0.019254
  560       75.694428   0.019165
  561       75.811988   0.018945
  562       75.970599   0.018653
  563       76.081526   0.018451
  564       76.256139   0.018137
  565       76.336486   0.017995
  566       76.580803   0.017568
  567       76.735573   0.017303
  568       76.789201   0.017212
  569       76.981700   0.016889
  570       77.051341   0.016774
  571       77.136005   0.016635
  572       77.317422   0.016341
  573       77.344048   0.016298
  574       77.429957   0.016161
  575       77.567776   0.015943
  576       77.661777   0.015796
  577       77.767943   0.015632
  578       77.906614   0.015420
  579       78.167624   0.015029
  580       78.231424   0.014935
  581       78.308131   0.014822
  582       78.393889   0.014698
  583       78.517822   0.014519
  584       78.590255   0.014416
  585       78.662402   0.014314
  586       78.812901   0.014103
  587       78.945062   0.013920
  588       79.020761   0.013817
  589       79.064182   0.013758
  590       79.273236   0.013477
  591       79.447703   0.013247
  592       79.479500   0.013205
  593       79.618042   0.013026
  594       79.796068   0.012799
  595       79.848283   0.012733
  596       79.926854   0.012635
  597       80.125586   0.012390
  598       80.207752   0.012289
  599       80.480476   0.011963
  600       80.582071   0.011843
  601       80.678658   0.011731
  602       80.725820   0.011676
  603       80.853694   0.011530
  604       80.974466   0.011393
  605       81.104171   0.011248
  606       81.170513   0.011174
  607       81.349383   0.010978
  608       81.459289   0.010859
  609       81.618062   0.010690
  610       81.647077   0.010660
  611       81.659051   0.010647
  612       81.874352   0.010422
  613       81.975612   0.010319
  614       82.066211   0.010226
  615       82.245824   0.010046
  616       82.371998   0.009922
  617       82.398303   0.009896
  618       82.555280   0.009743
  619       82.635898   0.009666
  620       82.682924   0.009621
  621       82.873108   0.009441
  622       82.964548   0.009356
  623       83.161809   0.009175
  624       83.293349   0.009056
  625       83.353145   0.009003
  626       83.451423   0.008915
  627       83.645703   0.008745
  628       83.706231   0.008693
  629       83.759668   0.008647
  630       83.880826   0.008544
  631       83.921862   0.008509
  632       84.183694   0.008291
  633       84.286345   0.008207
  634       84.450691   0.008074
  635       84.488061   0.008045
  636       84.689629   0.007885
  637       84.732559   0.007852
  638       84.793988   0.007804
  639       85.037828   0.007617
  640       85.161391   0.007525
  641       85.292694   0.007427
  642       85.452574   0.007310
  643       85.491300   0.007282
  644       85.533553   0.007252
  645       85.564300   0.007230
  646       85.887344   0.007001
  647       85.978144   0.006939
  648       86.086166   0.006865
  649       86.104188   0.006852
  650       86.222180   0.006772
  651       86.259553   0.006747
  652       86.443169   0.006625
  653       86.512209   0.006580
  654       86.696241   0.006461
  655       86.746363   0.006429
  656       86.920660   0.006318
  657       87.001132   0.006268
  658       87.115307   0.006197
  659       87.132279   0.006187
  660       87.221710   0.006132
  661       87.360792   0.006048
  662       87.458481   0.005990
  663       87.676936   0.005861
  664       87.743498   0.005822
  665       87.770148   0.005807
  666       87.823396   0.005776
  667       88.015350   0.005667
  668       88.102731   0.005618
  669       88.186082   0.005572
  670       88.375314   0.005468
  671       88.488238   0.005407
  672       88.564673   0.005366
  673       88.672283   0.005309
  674       88.772088   0.005256
  675       88.882707   0.005199
  676       88.957162   0.005160
  677       89.121471   0.005077
  678       89.244889   0.005015
  679       89.306355   0.004984
  680       89.439049   0.004919
  681       89.564720   0.004858
  682       89.575799   0.004852
  683       89.762808   0.004763
  684       89.805440   0.004743
  685       89.963161   0.004669
  686       90.070005   0.004619
  687       90.183684   0.004567
  688       90.260856   0.004532
  689       90.405604   0.004468
  690       90.490400   0.004430
  691       90.535386   0.004410
  692       90.638037   0.004365
  693       90.762357   0.004312
  694       90.830356   0.004283
  695       90.912266   0.004248
  696       91.054553   0.004188
  697       91.189664   0.004132
  698       91.367021   0.004060
  699       91.495450   0.004008
  700       91.627424   0.003956
  701       91.786384   0.003894
  702       91.831716   0.003876
  703       91.911808   0.003845
  704       91.989710   0.003816
  705       92.073803   0.003784
  706       92.140348   0.003759
  707       92.235543   0.003723
  708       92.309196   0.003696
  709       92.345041   0.003683
  710       92.570132   0.003601
  711       92.684742   0.003560
  712       92.796661   0.003521
  713       92.817083   0.003514
  714       92.982913   0.003456
  715       93.172743   0.003391
  716       93.195384   0.003384
  717       93.312586   0.003344
  718       93.510016   0.003279
  719       93.617871   0.003244
  720       93.686490   0.003222
  721       93.768865   0.003196
  722       93.868634   0.003164
  723       93.933207   0.003144
  724       93.997880   0.003124
  725       94.054767   0.003106
  726       94.146298   0.003078
  727       94.277164   0.003038
  728       94.490832   0.002974
  729       94.557808   0.002954
  730       94.632914   0.002932
  731       94.739276   0.002901
  732       94.749511   0.002898
  733       94.881802   0.002860
  734       95.057136   0.002810
  735       95.104528   0.002797
  736       95.132919   0.002789
  737       95.308620   0.002741
  738       95.436141   0.002706
  739       95.515246   0.002685
  740       95.632054   0.002654
  741       95.844007   0.002598
  742       96.028405   0.002551
  743       96.086440   0.002536
  744       96.192681   0.002510
  745       96.259768   0.002493
  746       96.352534   0.002470
  747       96.441059   0.002448
  748       96.529763   0.002427
  749       96.599670   0.002410
  750       96.862149   0.002347
  751       96.919523   0.002334
  752       96.998414   0.002316
  753       97.159560   0.002279
  754       97.224750   0.002264
  755       97.320724   0.002242
  756       97.492095   0.002204
  757       97.527004   0.002197
  758       97.686211   0.002162
  759       97.706601   0.002158
  760       97.799353   0.002138
  761       97.944736   0.002107
  762       98.031921   0.002089
  763       98.142226   0.002066
  764       98.233040   0.002047
  765       98.338476   0.002026
  766       98.449708   0.002004
  767       98.545150   0.001985
  768       98.734519   0.001947
  769       98.864783   0.001922
  770       98.968368   0.001902
  771       99.054848   0.001886
  772       99.191536   0.001861
  773       99.217198   0.001856
  774       99.359734   0.001830
  775       99.505885   0.001803
  776       99.591359   0.001788
  777       99.713581   0.001766
  778       99.822320   0.001747
  779       99.864496   0.001740
  780      100.051311   0.001708
  781      100.164779   0.001688
  782      100.183450   0.001685
  783      100.256240   0.001673
  784      100.279861   0.001669
  785      100.513176   0.001631
  786      100.663991   0.001606
  787      100.710518   0.001599
  788      100.768302   0.001590
  789      100.854910   0.001576
  790      100.971509   0.001558
  791      101.006463   0.001552
  792      101.190252   0.001524
  793      101.304234   0.001507
  794      101.328226   0.001503
  795      101.455192   0.001484
  796      101.524154   0.001474
  797      101.713868   0.001446
  798      101.764243   0.001439
  799      101.953792   0.001412
  800      101.986082   0.001408
  801      102.124677   0.001388
  802      102.194235   0.001379
  803      102.368452   0.001355
  804      102.474599   0.001341
  805      102.576005   0.001327
  806      102.620622   0.001321
  807      102.770086   0.001302
  808      102.879808   0.001287
  809      102.970125   0.001276
  810      103.019369   0.001270
  811      103.198664   0.001247
  812      103.350819   0.001228
  813      103.405530   0.001222
  814      103.456082   0.001215
  815      103.497904   0.001210
  816      103.571064   0.001201
  817      103.643860   0.001193
  818      103.774895   0.001177
  819      103.935517   0.001159
  820      104.005806   0.001150
  821      104.137143   0.001135
  822      104.152674   0.001134
  823      104.308459   0.001116
  824      104.493860   0.001096
  825      104.599180   0.001084
  826      104.654428   0.001078
  827      104.707215   0.001073
  828      104.845442   0.001058
  829      104.895826   0.001053
  830      104.966842   0.001045
  831      105.109569   0.001030
  832      105.171145   0.001024
  833      105.244025   0.001017
  834      105.338724   0.001007
  835      105.613468   0.000980
  836      105.635767   0.000978
  837      105.688467   0.000972
  838      105.804069   0.000961
  839      105.857362   0.000956
  840      106.035743   0.000939
  841      106.204744   0.000924
  842      106.263498   0.000918
  843      106.382572   0.000907
  844      106.421442   0.000904
  845      106.566251   0.000891
  846      106.663950   0.000882
  847      106.734768   0.000876
  848      106.911114   0.000861
  849      106.996000   0.000853
  850      107.048663   0.000849
  851      107.171765   0.000839
  852      107.195544   0.000837
  853      107.343527   0.000824
  854      107.547508   0.000808
  855      107.616921   0.000802
  856      107.735134   0.000793
  857      107.760486   0.000791
  858      107.868784   0.000782
  859      107.994284   0.000772
  860      108.087384   0.000765
  861      108.153303   0.000760
  862      108.195430   0.000757
  863      108.358182   0.000745
  864      108.474676   0.000736
  865      108.523851   0.000733
  866      108.682504   0.000721
  867      108.714945   0.000719
  868      108.844317   0.000709
  869      108.900828   0.000705
  870      109.039029   0.000696
  871      109.128866   0.000690
  872      109.254890   0.000681
  873      109.375526   0.000673
  874      109.601795   0.000658
  875      109.627066   0.000656
  876      109.757687   0.000648
  877      109.816362   0.000644
  878      109.839114   0.000642
  879      109.924213   0.000637
  880      110.113980   0.000625
  881      110.247496   0.000617
  882      110.313660   0.000613
  883      110.470497   0.000603
  884      110.476435   0.000603
  885      110.688560   0.000590
  886      110.786485   0.000584
  887      110.811380   0.000583
  888      110.860318   0.000580
  889      110.948956   0.000575
  890      111.082371   0.000567
  891      111.198014   0.000561
  892      111.354489   0.000552
  893      111.360821   0.000552
  894      111.477372   0.000545
  895      111.494572   0.000544
  896      111.663778   0.000535
  897      111.780058   0.000529
  898      111.898812   0.000523
  899      112.076267   0.000514
  900      112.079817   0.000513
  901      112.215316   0.000507
  902      112.316817   0.000501
  903      112.522237   0.000491
  904      112.543183   0.000490
  905      112.596677   0.000488
  906      112.724247   0.000481
  907      112.823684   0.000477
  908      112.916754   0.000472
  909      113.022981   0.000467
  910      113.120953   0.000463
  911      113.293750   0.000455
  912      113.453422   0.000448
  913      113.477307   0.000447
  914      113.496410   0.000446
  915      113.701041   0.000437
  916      113.763819   0.000434
  917      113.773621   0.000433
  918      113.967967   0.000425
  919      114.008874   0.000423
  920      114.103984   0.000419
  921      114.204270   0.000415
  922      114.293539   0.000412
  923      114.335600   0.000410
  924      114.533191   0.000402
  925      114.600115   0.000399
  926      114.691339   0.000395
  927      114.717438   0.000394
  928      114.790899   0.000392
  929      114.995322   0.000384
  930      115.094023   0.000380
  931      115.184930   0.000376
  932      115.210707   0.000375
  933      115.323987   0.000371
  934      115.424674   0.000368
  935      115.612339   0.000361
  936      115.678423   0.000358
  937      115.732471   0.000356
  938      115.890573   0.000351
  939      115.919918   0.000350
  940      116.108095   0.000343
  941      116.191738   0.000340
  942      116.280457   0.000337
  943      116.386858   0.000334
  944      116.497965   0.000330
  945      116.601964   0.000327
  946      116.756515   0.000322
  947      116.898048   0.000317
  948      116.998570   0.000314
  949      117.062175   0.000312
  950      117.125214   0.000310
  951      117.187598   0.000308
  952      117.371566   0.000303
  953      117.439725   0.000300
  954      117.580362   0.000296
  955      117.775259   0.000291
  956      117.797637   0.000290
  957      117.879233   0.000288
  958      118.027099   0.000283
  959      118.145569   0.000280
  960      118.211106   0.000278
  961      118.368257   0.000274
  962      118.409863   0.000273
  963      118.573965   0.000268
  964      118.637132   0.000267
  965      118.726882   0.000264
  966      118.845917   0.000261
  967      119.079562   0.000255
  968      119.112477   0.000254
  969      119.251218   0.000251
  970      119.326075   0.000249
  971      119.470316   0.000245
  972      119.567708   0.000243
  973      119.624968   0.000242
  974      119.639760   0.000241
  975      119.769751   0.000238
  976      119.867017   0.000236
  977      120.083441   0.000231
  978      120.111338   0.000230
  979      120.205272   0.000228
  980      120.323094   0.000225
  981      120.366326   0.000224
  982      120.499315   0.000221
  983      120.586650   0.000219
  984      120.686688   0.000217
  985      120.818446   0.000214
  986      120.908139   0.000212
  987      121.055163   0.000209
  988      121.156110   0.000207
  989      121.201607   0.000206
  990      121.327211   0.000204
  991      121.383223   0.000203
  992      121.473580   0.000201
  993      121.487816   0.000200
  994      121.656339   0.000197
  995      121.770054   0.000195
  996      121.815578   0.000194
  997      122.026661   0.000190
  998      122.062730   0.000189
  999      122.137458   0.000188
 1000      122.174456   0.000187
 1001      122.413860   0.000183
 1002      122.471117   0.000182
 1003      122.537695   0.000180
 1004      122.739109   0.000177
 1005      122.809441   0.000176
 1006      122.867967   0.000175
 1007      122.905578   0.000174
 1008      122.962023   0.000173
 1009      123.087892   0.000171
 1010      123.244324   0.000168
 1011      123.343233   0.000167
 1012      123.474208   0.000164
 1013      123.508063   0.000164
 1014      123.616337   0.000162
 1015      123.713595   0.000160
 1016      123.806481   0.000159
 1017      123.963033   0.000157
 1018      124.087441   0.000155
 1019      124.171053   0.000153
 1020      124.223610   0.000152
 1021      124.290838   0.000151
 1022      124.381771   0.000150
 1023      124.392537   0.000150
 1024      124.572016   0.000147
 1025      124.699321   0.000145
 1026      124.765553   0.000144
 1027      124.905012   0.000142
 1028      125.062752   0.000140
 1029      125.108127   0.000140
 1030      125.185053   0.000139
 1031      125.260634   0.000137
 1032      125.330737   0.000137
 1033      125.373938   0.000136
 1034      125.552256   0.000134
 1035      125.637250   0.000132
 1036      125.744249   0.000131
 1037      125.856300   0.000130
 1038      125.878989   0.000129
 1039      126.033204   0.000127
 1040      126.229543   0.000125
 1041      126.239319   0.000125
 1042      126.314992   0.000124
 1043      126.433847   0.000122
 1044      126.532439   0.000121
 1045      126.572431   0.000121
 1046      126.638903   0.000120
 1047      126.751282   0.000118
 1048      127.041160   0.000115
 1049      127.095085   0.000114
 1050      127.106813   0.000114
 1051      127.286732   0.000112
 1052      127.312912   0.000112
 1053      127.414485   0.000111
 1054      127.529903   0.000110
 1055      127.639519   0.000108
 1056      127.797561   0.000107
 1057      127.827024   0.000106
 1058      127.925546   0.000105
 1059      127.936673   0.000105
 1060      128.054377   0.000104
 1061      128.122514   0.000103
 1062      128.216683   0.000102
 1063      128.323889   0.000101
 1064      128.440896   0.000100
 1065      128.568526   0.000099
 1066      128.642136   0.000098
 1067      128.713509   0.000097
 1068      128.765605   0.000097
 1069      128.831365   0.000096
 1070      129.033432   0.000094
 1071      129.169708   0.000093
 1072      129.172005   0.000093
 1073      129.255002   0.000092
 1074      129.298601   0.000092
 1075      129.420846   0.000091
 1076      129.626290   0.000089
 1077      129.732774   0.000088
 1078      129.842934   0.000087
 1079      129.886419   0.000087
 1080      129.907784   0.000086
 1081      129.993374   0.000086
 1082      130.102935   0.000085
 1083      130.261467   0.000083
 1084      130.375233   0.000082
 1085      130.398146   0.000082
 1086      130.476428   0.000082
 1087      130.479887   0.000082
 1088      130.696023   0.000080
 1089      130.770471   0.000079
 1090      130.824904   0.000079
 1091      130.853981   0.000079
 1092      130.938865   0.000078
 1093      131.027119   0.000077
 1094      131.091738   0.000077
 1095      131.325947   0.000075
 1096      131.386802   0.000075
 1097      131.499651   0.000074
 1098      131.598494   0.000073
 1099      131.651184   0.000073
 1100      131.730929   0.000072
 1101      131.799330   0.000071
 1102      131.881880   0.000071
 1103      131.921672   0.000071
 1104      132.087324   0.000069
 1105      132.178047   0.000069
 1106      132.288254   0.000068
 1107      132.366775   0.000068
 1108      132.464446   0.000067
 1109      132.632275   0.000066
 1110      132.701569   0.000065
 1111      132.767761   0.000065
 1112      132.816948   0.000065
 1113      132.933818   0.000064
 1114      132.981938   0.000064
 1115      133.093114   0.000063
 1116      133.150651   0.000062
 1117      133.205083   0.000062
 1118      133.299265   0.000062
 1119      133.364588   0.000061
 1120      133.457611   0.000061
 1121      133.611515   0.000060
 1122      133.698006   0.000059
 1123      133.849999   0.000058
 1124      133.897628   0.000058
 1125      133.963414   0.000058
 1126      134.078709   0.000057
 1127      134.202157   0.000056
 1128      134.281726   0.000056
 1129      134.322580   0.000056
 1130      134.327603   0.000056
 1131      134.497611   0.000055
 1132      134.588653   0.000054
 1133      134.633034   0.000054
 1134      134.698811   0.000054
 1135      134.759503   0.000053
 1136      134.850047   0.000053
 1137      134.969868   0.000052
 1138      135.010227   0.000052
 1139      135.227722   0.000051
 1140      135.256302   0.000051
 1141      135.317079   0.000050
 1142      135.351295   0.000050
 1143      135.495743   0.000049
 1144      135.577319   0.000049
 1145      135.721780   0.000048
 1146      135.768293   0.000048
 1147      135.857010   0.000048
 1148      135.910478   0.000047
 1149      136.008852   0.000047
 1150      136.140983   0.000046
 1151      136.195719   0.000046
 1152      136.249031   0.000046
 1153      136.336622   0.000045
 1154      136.464015   0.000045
 1155      136.596634   0.000044
 1156      136.621119   0.000044
 1157      136.692090   0.000044
 1158      136.809148   0.000043
 1159      136.885163   0.000043
 1160      136.943417   0.000043
 1161      136.980956   0.000043
 1162      137.156791   0.000042
 1163      137.182627   0.000042
 1164      137.280549   0.000041
 1165      137.347810   0.000041
 1166      137.451920   0.000041
 1167      137.483893   0.000040
 1168      137.614228   0.000040
 1169      137.710248   0.000040
 1170      137.816788   0.000039
 1171      137.971515   0.000039
 1172      138.138089   0.000038
 1173      138.243420   0.000038
 1174      138.356519   0.000037
 1175      138.423876   0.000037
 1176      138.495631   0.000037
 1177      138.553237   0.000036
 1178      138.720907   0.000036
 1179      138.757988   0.000036
 1180      138.805538   0.000035
 1181      138.867025   0.000035
 1182      138.941506   0.000035
 1183      139.013047   0.000035
 1184      139.071761   0.000035
 1185      139.254022   0.000034
 1186      139.339349   0.000034
 1187      139.448372   0.000033
 1188      139.505875   0.000033
 1189      139.617774   0.000033
 1190      139.714456   0.000032
 1191      139.837961   0.000032
 1192      139.871320   0.000032
 1193      139.909118   0.000032
 1194      139.994463   0.000032
 1195      140.117548   0.000031
 1196      140.193870   0.000031
 1197      140.264927   0.000031
 1198      140.397920   0.000030
 1199      140.444090   0.000030
 1200      140.578590   0.000030
 1201      140.720992   0.000029
 1202      140.766408   0.000029
 1203      140.793549   0.000029
 1204      140.858325   0.000029
 1205      140.966745   0.000029
 1206      141.067265   0.000028
 1207      141.076788   0.000028
 1208      141.230209   0.000028
 1209      141.325124   0.000028
 1210      141.432557   0.000027
 1211      141.489289   0.000027
 1212      141.538651   0.000027
 1213      141.678232   0.000027
 1214      141.731386   0.000026
 1215      141.764305   0.000026
 1216      141.879562   0.000026
 1217      142.048826   0.000026
 1218      142.179458   0.000025
 1219      142.289073   0.000025
 1220      142.358007   0.000025
 1221      142.389886   0.000025
 1222      142.492914   0.000025
 1223      142.564838   0.000024
 1224      142.600544   0.000024
 1225      142.690348   0.000024
 1226      142.767746   0.000024
 1227      142.811716   0.000024
 1228      143.011012   0.000023
 1229      143.060851   0.000023
 1230      143.092166   0.000023
 1231      143.198795   0.000023
 1232      143.245391   0.000023
 1233      143.373543   0.000022
 1234      143.439760   0.000022
 1235      143.539670   0.000022
 1236      143.568110   0.000022
 1237      143.758072   0.000022
 1238      143.810309   0.000022
 1239      143.942208   0.000021
 1240      143.997271   0.000021
 1241      144.085324   0.000021
 1242      144.132498   0.000021
 1243      144.167732   0.000021
 1244      144.302141   0.000020
 1245      144.389774   0.000020
 1246      144.514844   0.000020
 1247      144.567824   0.000020
 1248      144.650241   0.000020
 1249      144.732663   0.000020
 1250      144.761051   0.000020
 1251      144.956805   0.000019
 1252      145.036804   0.000019
 1253      145.053170   0.000019
 1254      145.215212   0.000019
 1255      145.348961   0.000018
 1256      145.411197   0.000018
 1257      145.418891   0.000018
 1258      145.540740   0.000018
 1259      145.575904   0.000018
 1260      145.741555   0.000018
 1261      145.780437   0.000018
 1262      145.847114   0.000018
 1263      146.029670   0.000017
 1264      146.051167   0.000017
 1265      146.146110   0.000017
 1266      146.224399   0.000017
 1267      146.354173   0.000017
 1268      146.464026   0.000016
 1269      146.555930   0.000016
 1270      146.630533   0.000016
 1271      146.763763   0.000016
 1272      146.788498   0.000016
 1273      146.823117   0.000016
 1274      146.893580   0.000016
 1275      146.954899   0.000016
 1276      147.050489   0.000016
 1277      147.228070   0.000015
 1278      147.255975   0.000015
 1279      147.289151   0.000015
 1280      147.397141   0.000015
 1281      147.513436   0.000015
 1282      147.549469   0.000015
 1283      147.746976   0.000015
 1284      147.860170   0.000014
 1285      147.876141   0.000014
 1286      147.924244   0.000014
 1287      148.008077   0.000014
 1288      148.093398   0.000014
 1289      148.160758   0.000014
 1290      148.289933   0.000014
 1291      148.445191   0.000014
 1292      148.522279   0.000013
 1293      148.600237   0.000013
 1294      148.699039   0.000013
 1295      148.782296   0.000013
 1296      148.853778   0.000013
 1297      148.875547   0.000013
 1298      148.946277   0.000013
 1299      149.119242   0.000013
 1300      149.210903   0.000013
 1301      149.329359   0.000012
 1302      149.387265   0.000012
 1303      149.513119   0.000012
 1304      149.536162   0.000012
 1305      149.585111   0.000012
 1306      149.737627   0.000012
 1307      149.826179   0.000012
 1308      149.908791   0.000012
 1309      149.937240   0.000012
 1310      150.008848   0.000012
 1311      150.094113   0.000011
 1312      150.194690   0.000011
 1313      150.344509   0.000011
 1314      150.451519   0.000011
 1315      150.525599   0.000011
 1316      150.644774   0.000011
 1317      150.661815   0.000011
 1318      150.728150   0.000011
 1319      150.783474   0.000011
 1320      150.901546   0.000011
 1321      150.988639   0.000010
 1322      151.074947   0.000010
 1323      151.112577   0.000010
 1324      151.182043   0.000010
 1325      151.299274   0.000010
 1326      151.376152   0.000010
 1327      151.457756   0.000010
 1328      151.546901   0.000010
 1329      151.666000   0.000010
 1330      151.671536   0.000010
 1331      151.718672   0.000010
 1332      151.813739   0.000010
 1333      152.015176   0.000009
 1334      152.063401   0.000009
 1335      152.112570   0.000009
 1336      152.252327   0.000009
 1337      152.341610   0.000009
 1338      152.417618   0.000009
 1339      152.468146   0.000009
 1340      152.485271   0.000009
 1341      152.682487   0.000009
 1342      152.741385   0.000009
 1343      152.841646   0.000009
 1344      152.908467   0.000009
 1345      152.953828   0.000009
 1346      153.167907   0.000008
 1347      153.239960   0.000008
 1348      153.268629   0.000008
 1349      153.315521   0.000008
 1350      153.529356   0.000008
 1351      153.590825   0.000008
 1352      153.639271   0.000008
 1353      153.686097   0.000008
 1354      153.741975   0.000008
 1355      153.849480   0.000008
 1356      153.887985   0.000008
 1357      154.011827   0.000008
 1358      154.114891   0.000008
 1359      154.157958   0.000008
 1360      154.259103   0.000008
 1361      154.371169   0.000007
 1362      154.457264   0.000007
 1363      154.552050   0.000007
 1364      154.582050   0.000007
 1365      154.726568   0.000007
 1366      154.783607   0.000007
 1367      154.870601   0.000007
 1368      154.995567   0.000007
 1369      155.072111   0.000007
 1370      155.186679   0.000007
 1371      155.292427   0.000007
 1372      155.355832   0.000007
 1373      155.461032   0.000007
 1374      155.480768   0.000007
 1375      155.541160   0.000007
 1376      155.680111   0.000007
 1377      155.848836   0.000006
 1378      155.905756   0.000006
 1379      155.988046   0.000006
 1380      156.048624   0.000006
 1381      156.114118   0.000006
 1382      156.248281   0.000006
 1383      156.343136   0.000006
 1384      156.465517   0.000006
 1385      156.495103   0.000006
 1386      156.573367   0.000006
 1387      156.638205   0.000006
 1388      156.756398   0.000006
 1389      156.815470   0.000006
 1390      156.854158   0.000006
 1391      156.913733   0.000006
 1392      157.028972   0.000006
 1393      157.087927   0.000006
 1394      157.207740   0.000006
 1395      157.340844   0.000006
 1396      157.435711   0.000006
 1397      157.508807   0.000005
 1398      157.554551   0.000005
 1399      157.668259   0.000005
 1400      157.716634   0.000005
 1401      157.820989   0.000005
 1402      157.845081   0.000005
 1403      158.045312   0.000005
 1404      158.128705   0.000005
 1405      158.223391   0.000005
 1406      158.287319   0.000005
 1407      158.351938   0.000005
 1408      158.416501   0.000005
 1409      158.531712   0.000005
 1410      158.602649   0.000005
 1411      158.682707   0.000005
 1412      158.688174   0.000005
 1413      158.738370   0.000005
 1414      158.869552   0.000005
 1415      158.909209   0.000005
 1416      158.937170   0.000005
 1417      159.078694   0.000005
 1418      159.185576   0.000005
 1419      159.283763   0.000005
 1420      159.362354   0.000005
 1421      159.416689   0.000005
 1422      159.552221   0.000004
 1423      159.600584   0.000004
 1424      159.716452   0.000004
 1425      159.756364   0.000004
 1426      159.830121   0.000004
 1427      159.903870   0.000004
 1428      160.015970   0.000004
 1429      160.166295   0.000004
 1430      160.250448   0.000004
 1431      160.321576   0.000004
 1432      160.472620   0.000004
 1433      160.526744   0.000004
 1434      160.598066   0.000004
 1435      160.644787   0.000004
 1436      160.712944   0.000004
 1437      160.893042   0.000004
 1438      160.951529   0.000004
 1439      161.039598   0.000004
 1440      161.112446   0.000004
 1441      161.154317   0.000004
 1442      161.224731   0.000004
 1443      161.337512   0.000004
 1444      161.402283   0.000004
 1445      161.526333   0.000004
 1446      161.558017   0.000004
 1447      161.615114   0.000004
 1448      161.659942   0.000004
 1449      161.757330   0.000004
 1450      161.858990   0.000004
 1451      161.894132   0.000004
 1452      162.041305   0.000003
 1453      162.137753   0.000003
 1454      162.179979   0.000003
 1455      162.381565   0.000003
 1456      162.394284   0.000003
 1457      162.489709   0.000003
 1458      162.578308   0.000003
 1459      162.673082   0.000003
 1460      162.743822   0.000003
 1461      162.821517   0.000003
 1462      162.944346   0.000003
 1463      163.021873   0.000003
 1464      163.167693   0.000003
 1465      163.264984   0.000003
 1466      163.296783   0.000003
 1467      163.337013   0.000003
 1468      163.420473   0.000003
 1469      163.573346   0.000003
 1470      163.653795   0.000003
 1471      163.725191   0.000003
 1472      163.842729   0.000003
 1473      163.855954   0.000003
 1474      163.947519   0.000003
 1475      164.090583   0.000003
 1476      164.184268   0.000003
 1477      164.254582   0.000003
 1478      164.308749   0.000003
 1479      164.379307   0.000003
 1480      164.550334   0.000003
 1481      164.697468   0.000003
 1482      164.732367   0.000003
 1483      164.796939   0.000003
 1484      164.833433   0.000003
 1485      164.913258   0.000003
 1486      165.002209   0.000003
 1487      165.088747   0.000003
 1488      165.165090   0.000003
 1489      165.227912   0.000003
 1490      165.338677   0.000002
 1491      165.467762   0.000002
 1492      165.530734   0.000002
 1493      165.666799   0.000002
 1494      165.685030   0.000002
 1495      165.799337   0.000002
 1496      165.825627   0.000002
 1497      165.858576   0.000002
 1498      165.961598   0.000002
 1499      165.983460   0.000002
 1500      166.110625   0.000002
 1501      166.230500   0.000002
 1502      166.417851   0.000002
 1503      166.454441   0.000002
 1504      166.510454   0.000002
 1505      166.668680   0.000002
 1506      166.745037   0.000002
 1507      166.933277   0.000002
 1508      166.948449   0.000002
 1509      166.979969   0.000002
 1510      167.073328   0.000002
 1511      167.150620   0.000002
 1512      167.264585   0.000002
 1513      167.294628   0.000002
 1514      167.393904   0.000002
 1515      167.514121   0.000002
 1516      167.589974   0.000002
 1517      167.682038   0.000002
 1518      167.761811   0.000002
 1519      167.821886   0.000002
 1520      167.957502   0.000002
 1521      167.985528   0.000002
 1522      168.088331   0.000002
 1523      168.111722   0.000002
 1524      168.231324   0.000002
 1525      168.272109   0.000002
 1526      168.422302   0.000002
 1527      168.661039   0.000002
 1528      168.707798   0.000002
 1529      168.759378   0.000002
 1530      168.817891   0.000002
 1531      168.926071   0.000002
 1532      168.944930   0.000002
 1533      168.984613   0.000002
 1534      169.166843   0.000002
 1535      169.230266   0.000002
 1536      169.374969   0.000002
