  129  129    1    1
  0.1978848E+01  0.1006980E-08  0.5034898E-09  0.5034898E-09  0.5000000E-15
  1.000000000000000E-004
  CAR 
 unknown system                          
    513      1    384
 
  0.0000000E+00  0.0000000E+00  0.0000000E+00  0.1000000E+01
    1       -6.284723   1.000000
    2       -5.575874   1.000000
    3       -5.054258   1.000000
    4       -3.157103   1.000000
    5       -2.908301   1.000000
    6       -2.743065   1.000000
    7       -2.399620   1.000000
    8       -2.140537   1.000000
    9       -1.986776   1.000000
   10       -1.599589   1.000000
   11       -1.488672   1.000000
   12       -1.298369   1.000000
   13       -1.067014   1.000000
   14       -0.896473   1.000000
   15       -0.714459   1.000000
   16       -0.648165   1.000000
   17       -0.067772   1.000000
   18        0.745729   1.000000
   19        1.000102   1.000000
   20        1.126646   1.000000
   21        1.321580   1.000000
   22        1.511902   1.000000
   23        1.621902   1.000000
   24        1.704755   1.000000
   25        1.833841   1.000000
   26        2.061244   1.000000
   27        2.252690   1.000000
   28        2.352707   1.000000
   29        2.465455   1.000000
   30        2.579253   1.000000
   31        2.655630   1.000000
   32        2.898013   1.000000
   33        3.052225   1.000000
   34        3.249032   1.000000
   35        3.318681   1.000000
   36        3.571438   1.000000
   37        3.785123   1.000000
   38        3.931229   1.000000
   39        4.151287   1.000000
   40        4.997796   1.000000
   41        5.028179   1.000000
   42        5.317268   1.000000
   43        5.460598   1.000000
   44        5.677151   1.000000
   45        5.756176   1.000000
   46        5.977559   1.000000
   47        6.130439   1.000000
   48        6.233827   1.000000
   49        6.345797   1.000000
   50        6.629594   1.000000
   51        6.723926   1.000000
   52        7.087988   1.000000
   53        7.219533   1.000000
   54        7.429081   1.000000
   55        7.624816   1.000000
   56        7.944159   1.000000
   57        8.069311   1.000000
   58        8.375263   1.000000
   59        8.504196   1.000000
   60        8.768932   1.000000
   61        8.954471   1.000000
   62        9.254154   1.000000
   63        9.369129   1.000000
   64        9.634747   1.000000
   65        9.730476   1.000000
   66        9.772468   1.000000
   67        9.884664   1.000000
   68        9.931138   1.000000
   69       10.321486   1.000000
   70       10.636828   1.000000
   71       10.729359   1.000000
   72       10.764317   1.000000
   73       10.925562   1.000000
   74       10.972767   1.000000
   75       11.309472   1.000000
   76       11.552555   1.000000
   77       11.603718   1.000000
   78       11.713497   1.000000
   79       11.831104   1.000000
   80       11.920979   1.000000
   81       12.044959   1.000000
   82       12.147385   1.000000
   83       12.256343   1.000000
   84       12.446959   1.000000
   85       12.535191   1.000000
   86       12.731960   1.000000
   87       12.799940   1.000000
   88       12.940182   1.000000
   89       13.159827   1.000000
   90       13.189092   1.000000
   91       13.236667   1.000000
   92       13.537374   1.000000
   93       13.684974   1.000000
   94       13.723084   1.000000
   95       13.860837   1.000000
   96       13.987380   1.000000
   97       14.089529   1.000000
   98       14.227226   1.000000
   99       14.337085   1.000000
  100       14.618811   1.000000
  101       14.759354   1.000000
  102       14.846038   1.000000
  103       14.925007   1.000000
  104       15.066782   1.000000
  105       15.148210   1.000000
  106       15.466298   1.000000
  107       15.568373   1.000000
  108       15.645938   1.000000
  109       15.773858   1.000000
  110       16.038765   1.000000
  111       16.136424   1.000000
  112       16.477844   1.000000
  113       16.595117   1.000000
  114       16.674925   1.000000
  115       16.757807   1.000000
  116       17.047519   1.000000
  117       17.097148   1.000000
  118       17.300997   1.000000
  119       17.365626   1.000000
  120       17.519772   1.000000
  121       17.631530   1.000000
  122       17.827001   1.000000
  123       17.897282   1.000000
  124       18.176379   1.000000
  125       18.222572   1.000000
  126       18.315899   1.000000
  127       18.563602   1.000000
  128       18.726984   1.000000
  129       18.942539   1.000000
  130       18.972892   1.000000
  131       19.170366   1.000000
  132       19.415763   1.000000
  133       19.493139   1.000000
  134       19.655748   1.000000
  135       19.873322   1.000000
  136       20.151124   1.000000
  137       20.318201   1.000000
  138       20.547751   1.000000
  139       20.660489   1.000000
  140       20.929612   1.000000
  141       21.076856   1.000000
  142       21.139936   1.000000
  143       21.289165   1.000000
  144       21.513593   1.000000
  145       21.653272   1.000000
  146       21.826507   1.000000
  147       22.073447   1.000000
  148       22.099491   1.000000
  149       22.334925   1.000000
  150       22.407183   1.000000
  151       22.688362   1.000000
  152       22.772566   1.000000
  153       23.096075   1.000000
  154       23.170023   1.000000
  155       23.412409   1.000000
  156       23.511558   1.000000
  157       23.719114   1.000000
  158       23.854235   1.000000
  159       23.998103   1.000000
  160       24.056269   1.000000
  161       24.422638   0.999999
  162       24.567371   0.999999
  163       24.621897   0.999999
  164       25.009687   0.999999
  165       25.029447   0.999999
  166       25.236447   0.999999
  167       25.454449   0.999998
  168       25.701722   0.999998
  169       25.781390   0.999998
  170       25.833324   0.999998
  171       26.123308   0.999997
  172       26.215279   0.999996
  173       26.391773   0.999996
  174       26.531320   0.999995
  175       26.647014   0.999995
  176       26.722252   0.999994
  177       26.804305   0.999994
  178       27.039458   0.999992
  179       27.347829   0.999989
  180       27.444140   0.999988
  181       27.649758   0.999985
  182       27.774501   0.999983
  183       27.980879   0.999979
  184       28.249050   0.999973
  185       28.330428   0.999970
  186       28.434648   0.999967
  187       28.558272   0.999963
  188       28.855589   0.999950
  189       28.956980   0.999945
  190       29.029000   0.999941
  191       29.182765   0.999931
  192       29.434255   0.999911
  193       29.504823   0.999904
  194       29.588378   0.999896
  195       29.797610   0.999872
  196       29.945857   0.999851
  197       30.026570   0.999839
  198       30.537233   0.999732
  199       30.591057   0.999717
  200       30.759584   0.999665
  201       30.967590   0.999588
  202       31.164923   0.999498
  203       31.290534   0.999430
  204       31.341662   0.999401
  205       31.600705   0.999223
  206       31.810286   0.999042
  207       31.845669   0.999008
  208       32.110116   0.998708
  209       32.203624   0.998582
  210       32.256012   0.998506
  211       32.376194   0.998315
  212       32.596261   0.997901
  213       32.766139   0.997513
  214       32.895832   0.997170
  215       32.989448   0.996893
  216       33.080530   0.996598
  217       33.277299   0.995861
  218       33.566396   0.994481
  219       33.732049   0.993494
  220       33.789014   0.993115
  221       33.954482   0.991886
  222       34.019095   0.991349
  223       34.152455   0.990127
  224       34.239878   0.989235
  225       34.318899   0.988360
  226       34.567916   0.985117
  227       34.751493   0.982172
  228       34.818989   0.980951
  229       34.954719   0.978242
  230       35.056703   0.975962
  231       35.164195   0.973307
  232       35.390686   0.966747
  233       35.530914   0.961932
  234       35.715096   0.954583
  235       35.841383   0.948783
  236       36.001067   0.940443
  237       36.200792   0.928222
  238       36.245915   0.925157
  239       36.400759   0.913705
  240       36.553255   0.900897
  241       36.639045   0.892970
  242       36.727622   0.884205
  243       36.753472   0.881532
  244       36.933807   0.861366
  245       37.265875   0.816770
  246       37.411465   0.793970
  247       37.486667   0.781396
  248       37.569471   0.766923
  249       37.791880   0.724842
  250       37.919706   0.698630
  251       38.138562   0.650657
  252       38.263252   0.621810
  253       38.350189   0.601160
  254       38.416908   0.585060
  255       38.534478   0.556263
  256       38.646998   0.528342
  257       38.787971   0.493130
  258       39.009735   0.438009
  259       39.187532   0.394833
  260       39.215077   0.388270
  261       39.314873   0.364848
  262       39.344603   0.357986
  263       39.458367   0.332283
  264       39.565110   0.309038
  265       39.706115   0.279765
  266       39.846358   0.252397
  267       39.979839   0.228051
  268       40.179433   0.194827
  269       40.282006   0.179238
  270       40.404304   0.161947
  271       40.517108   0.147214
  272       40.604420   0.136587
  273       40.812317   0.113868
  274       40.975248   0.098433
  275       41.058602   0.091279
  276       41.163285   0.082960
  277       41.202671   0.080012
  278       41.407791   0.066156
  279       41.627559   0.053806
  280       41.927333   0.040433
  281       41.956749   0.039307
  282       42.073497   0.035128
  283       42.163550   0.032200
  284       42.288140   0.028536
  285       42.474145   0.023808
  286       42.588427   0.021291
  287       42.705844   0.018977
  288       42.783652   0.017582
  289       42.835669   0.016705
  290       43.064967   0.013328
  291       43.188689   0.011795
  292       43.320659   0.010352
  293       43.441748   0.009182
  294       43.497669   0.008687
  295       43.698342   0.007119
  296       43.730553   0.006895
  297       43.919342   0.005715
  298       43.969996   0.005435
  299       44.165161   0.004475
  300       44.370737   0.003647
  301       44.426331   0.003450
  302       44.482827   0.003261
  303       44.671804   0.002701
  304       44.755237   0.002486
  305       44.884620   0.002185
  306       44.960024   0.002026
  307       45.061938   0.001830
  308       45.191479   0.001608
  309       45.337571   0.001390
  310       45.499886   0.001182
  311       45.614658   0.001054
  312       45.715631   0.000953
  313       45.880478   0.000808
  314       45.936959   0.000764
  315       46.096897   0.000651
  316       46.185135   0.000596
  317       46.394497   0.000483
  318       46.452211   0.000456
  319       46.593296   0.000396
  320       46.724298   0.000348
  321       46.852142   0.000306
  322       46.993016   0.000266
  323       47.011230   0.000261
  324       47.119904   0.000234
  325       47.198398   0.000216
  326       47.445400   0.000169
  327       47.603163   0.000144
  328       47.743520   0.000126
  329       47.925344   0.000105
  330       48.116354   0.000086
  331       48.181397   0.000081
  332       48.361062   0.000068
  333       48.476502   0.000060
  334       48.575031   0.000055
  335       48.742460   0.000046
  336       48.921879   0.000039
  337       49.027063   0.000035
  338       49.277046   0.000027
  339       49.310228   0.000026
  340       49.403857   0.000024
  341       49.555972   0.000020
  342       49.690626   0.000018
  343       49.846236   0.000015
  344       49.997380   0.000013
  345       50.043469   0.000013
  346       50.245799   0.000010
  347       50.394535   0.000009
  348       50.468060   0.000008
  349       50.610442   0.000007
  350       50.640610   0.000007
  351       50.843800   0.000006
  352       50.898639   0.000005
  353       51.071391   0.000005
  354       51.200349   0.000004
  355       51.319108   0.000004
  356       51.430650   0.000003
  357       51.604828   0.000003
  358       51.676003   0.000002
  359       51.757735   0.000002
  360       51.846505   0.000002
  361       51.920118   0.000002
  362       52.009780   0.000002
  363       52.157856   0.000002
  364       52.296148   0.000001
  365       52.342484   0.000001
  366       52.427406   0.000001
  367       52.593402   0.000001
  368       52.893883   0.000001
  369       53.070117   0.000001
  370       53.169287   0.000001
  371       53.205122   0.000001
  372       53.351006   0.000000
  373       53.481188   0.000000
  374       53.559521   0.000000
  375       53.680280   0.000000
  376       53.789136   0.000000
  377       53.853556   0.000000
  378       54.137114   0.000000
  379       54.238877   0.000000
  380       54.319193   0.000000
  381       54.395055   0.000000
  382       54.501201   0.000000
  383       54.583310   0.000000
  384       54.847900   0.000000
