 1729 1729    1    1
  0.3338065E+00  0.8325876E-09  0.8325876E-09  0.8325876E-09  0.5000000E-15
  1.000000000000000E-004
  CAR 
 unknown system                          
   1729      1   1152
 
  0.0000000E+00  0.0000000E+00  0.0000000E+00  0.1000000E+01
    1      -25.608447   1.000000
    2      -24.307853   1.000000
    3      -24.006422   1.000000
    4      -23.581653   1.000000
    5      -23.394102   1.000000
    6      -23.083811   1.000000
    7      -22.736033   1.000000
    8      -22.364872   1.000000
    9      -22.156531   1.000000
   10      -21.627847   1.000000
   11      -21.570327   1.000000
   12      -21.515985   1.000000
   13      -21.283291   1.000000
   14      -21.018224   1.000000
   15      -20.942880   1.000000
   16      -20.578606   1.000000
   17      -20.438937   1.000000
   18      -20.085632   1.000000
   19      -19.988303   1.000000
   20      -19.834029   1.000000
   21      -19.361401   1.000000
   22      -19.212921   1.000000
   23      -19.055525   1.000000
   24      -18.840490   1.000000
   25      -18.628901   1.000000
   26      -18.166494   1.000000
   27      -17.997631   1.000000
   28      -17.726353   1.000000
   29      -17.576781   1.000000
   30      -17.068119   1.000000
   31      -16.786078   1.000000
   32      -16.647208   1.000000
   33      -16.388479   1.000000
   34      -16.199233   1.000000
   35      -15.996019   1.000000
   36      -15.845149   1.000000
   37      -15.585851   1.000000
   38      -15.501819   1.000000
   39      -15.390762   1.000000
   40      -15.285403   1.000000
   41      -15.162522   1.000000
   42      -14.934362   1.000000
   43      -14.855383   1.000000
   44      -14.775615   1.000000
   45      -14.695063   1.000000
   46      -14.590735   1.000000
   47      -14.414860   1.000000
   48      -14.322160   1.000000
   49      -14.239344   1.000000
   50      -14.019629   1.000000
   51      -13.961137   1.000000
   52      -13.940909   1.000000
   53      -13.778750   1.000000
   54      -13.643453   1.000000
   55      -13.522848   1.000000
   56      -13.433207   1.000000
   57      -13.291609   1.000000
   58      -13.254753   1.000000
   59      -12.939988   1.000000
   60      -12.860300   1.000000
   61      -12.811277   1.000000
   62      -12.735763   1.000000
   63      -12.661480   1.000000
   64      -12.478533   1.000000
   65      -12.343364   1.000000
   66      -12.244200   1.000000
   67      -12.181971   1.000000
   68      -12.050410   1.000000
   69      -12.008351   1.000000
   70      -11.874294   1.000000
   71      -11.761993   1.000000
   72      -11.589889   1.000000
   73      -11.538395   1.000000
   74      -11.457167   1.000000
   75      -11.289146   1.000000
   76      -11.171202   1.000000
   77      -11.049554   1.000000
   78      -10.863344   1.000000
   79      -10.675482   1.000000
   80      -10.581743   1.000000
   81      -10.395389   1.000000
   82       -9.466307   1.000000
   83       -9.256125   1.000000
   84       -8.755867   1.000000
   85       -8.703860   1.000000
   86       -8.557117   1.000000
   87       -8.300544   1.000000
   88       -8.249212   1.000000
   89       -8.036401   1.000000
   90       -7.995482   1.000000
   91       -7.869442   1.000000
   92       -7.772852   1.000000
   93       -7.532325   1.000000
   94       -7.324131   1.000000
   95       -7.168402   1.000000
   96       -7.107988   1.000000
   97       -6.953858   1.000000
   98       -6.881960   1.000000
   99       -6.738242   1.000000
  100       -6.657397   1.000000
  101       -6.587109   1.000000
  102       -6.491685   1.000000
  103       -6.354567   1.000000
  104       -6.275416   1.000000
  105       -6.226495   1.000000
  106       -6.114048   1.000000
  107       -6.020414   1.000000
  108       -5.986622   1.000000
  109       -5.900413   1.000000
  110       -5.744757   1.000000
  111       -5.604958   1.000000
  112       -5.554232   1.000000
  113       -5.462173   1.000000
  114       -5.363947   1.000000
  115       -5.359269   1.000000
  116       -5.202249   1.000000
  117       -5.179547   1.000000
  118       -4.882073   1.000000
  119       -4.857763   1.000000
  120       -4.766881   1.000000
  121       -4.730562   1.000000
  122       -4.630161   1.000000
  123       -4.534946   1.000000
  124       -4.362930   1.000000
  125       -4.252752   1.000000
  126       -4.209676   1.000000
  127       -4.076277   1.000000
  128       -4.015307   1.000000
  129       -3.916503   1.000000
  130       -3.816686   1.000000
  131       -3.657219   1.000000
  132       -3.625035   1.000000
  133       -3.572783   1.000000
  134       -3.427096   1.000000
  135       -3.409101   1.000000
  136       -3.354337   1.000000
  137       -3.228590   1.000000
  138       -3.134536   1.000000
  139       -2.992143   1.000000
  140       -2.914527   1.000000
  141       -2.860426   1.000000
  142       -2.758871   1.000000
  143       -2.744583   1.000000
  144       -2.524469   1.000000
  145       -2.463321   1.000000
  146       -2.414381   1.000000
  147       -2.279783   1.000000
  148       -2.093401   1.000000
  149       -2.050856   1.000000
  150       -1.974279   1.000000
  151       -1.932848   1.000000
  152       -1.879960   1.000000
  153       -1.800202   1.000000
  154       -1.669402   1.000000
  155       -1.431703   1.000000
  156       -1.370917   1.000000
  157       -1.300821   1.000000
  158       -1.193425   1.000000
  159       -0.982350   1.000000
  160       -0.903813   1.000000
  161       -0.895199   1.000000
  162       -0.753158   1.000000
  163       -0.721317   1.000000
  164       -0.637331   1.000000
  165       -0.509741   1.000000
  166       -0.405909   1.000000
  167       -0.277523   1.000000
  168       -0.148058   1.000000
  169       -0.091887   1.000000
  170        0.104174   1.000000
  171        0.159828   1.000000
  172        0.502676   1.000000
  173        0.584263   1.000000
  174        0.720966   1.000000
  175        0.932988   1.000000
  176        1.013861   1.000000
  177        1.060229   1.000000
  178        1.383912   1.000000
  179        1.407678   1.000000
  180        1.632760   1.000000
  181        1.691615   1.000000
  182        1.775473   1.000000
  183        1.806646   1.000000
  184        1.905996   1.000000
  185        2.118926   1.000000
  186        2.169854   1.000000
  187        2.285133   1.000000
  188        2.458166   1.000000
  189        2.541499   1.000000
  190        2.645502   1.000000
  191        2.703728   1.000000
  192        2.786183   1.000000
  193        2.885427   1.000000
  194        2.938281   1.000000
  195        3.031889   1.000000
  196        3.148609   1.000000
  197        3.211146   1.000000
  198        3.329532   1.000000
  199        3.345434   1.000000
  200        3.460662   1.000000
  201        3.620393   1.000000
  202        3.664058   1.000000
  203        3.669855   1.000000
  204        3.831677   1.000000
  205        3.885197   1.000000
  206        3.954941   1.000000
  207        4.027881   1.000000
  208        4.154060   1.000000
  209        4.252749   1.000000
  210        4.294665   1.000000
  211        4.456531   1.000000
  212        4.477816   1.000000
  213        4.528143   1.000000
  214        4.592037   1.000000
  215        4.728185   1.000000
  216        4.816167   1.000000
  217        4.859429   1.000000
  218        4.925013   1.000000
  219        4.961512   1.000000
  220        5.090391   1.000000
  221        5.174345   1.000000
  222        5.278906   1.000000
  223        5.296802   1.000000
  224        5.369288   1.000000
  225        5.401939   1.000000
  226        5.467289   1.000000
  227        5.537975   1.000000
  228        5.625499   1.000000
  229        5.663441   1.000000
  230        5.758098   1.000000
  231        5.870165   1.000000
  232        5.901103   1.000000
  233        5.957396   1.000000
  234        6.081250   1.000000
  235        6.143241   1.000000
  236        6.259905   1.000000
  237        6.310992   1.000000
  238        6.355341   1.000000
  239        6.528117   1.000000
  240        6.573887   1.000000
  241        6.659751   1.000000
  242        6.705653   1.000000
  243        6.795322   1.000000
  244        6.882557   1.000000
  245        6.930006   1.000000
  246        7.073723   1.000000
  247        7.148682   1.000000
  248        7.186007   1.000000
  249        7.396616   1.000000
  250        7.552384   1.000000
  251        7.581626   1.000000
  252        8.808567   1.000000
  253        8.941991   1.000000
  254        9.025589   1.000000
  255        9.056405   1.000000
  256        9.123268   1.000000
  257        9.373381   1.000000
  258        9.478270   1.000000
  259        9.561671   1.000000
  260        9.622193   1.000000
  261        9.815895   1.000000
  262        9.900363   1.000000
  263        9.931534   1.000000
  264       10.050730   1.000000
  265       10.139987   1.000000
  266       10.210801   1.000000
  267       10.403458   1.000000
  268       10.499325   1.000000
  269       10.553854   1.000000
  270       10.597156   1.000000
  271       10.629623   1.000000
  272       10.744395   1.000000
  273       10.841453   1.000000
  274       10.909751   1.000000
  275       10.955252   1.000000
  276       11.058446   1.000000
  277       11.095458   1.000000
  278       11.115215   1.000000
  279       11.192473   1.000000
  280       11.222079   1.000000
  281       11.274807   1.000000
  282       11.432585   1.000000
  283       11.484417   1.000000
  284       11.554098   1.000000
  285       11.609818   1.000000
  286       11.754915   1.000000
  287       11.784554   1.000000
  288       11.828525   1.000000
  289       11.850302   1.000000
  290       11.891026   1.000000
  291       12.000584   1.000000
  292       12.018303   1.000000
  293       12.123126   1.000000
  294       12.149196   1.000000
  295       12.190757   1.000000
  296       12.286591   1.000000
  297       12.384831   1.000000
  298       12.412033   1.000000
  299       12.480261   1.000000
  300       12.580982   1.000000
  301       12.630551   1.000000
  302       12.658627   1.000000
  303       12.728447   1.000000
  304       12.784173   1.000000
  305       12.841553   1.000000
  306       12.863119   1.000000
  307       12.958063   1.000000
  308       13.032075   1.000000
  309       13.115941   1.000000
  310       13.284980   1.000000
  311       13.327954   1.000000
  312       13.373030   1.000000
  313       13.447924   1.000000
  314       13.505716   1.000000
  315       13.658837   1.000000
  316       13.733195   1.000000
  317       13.759912   1.000000
  318       13.808271   1.000000
  319       13.857166   1.000000
  320       13.937150   1.000000
  321       13.989621   1.000000
  322       14.103842   1.000000
  323       14.157314   1.000000
  324       14.226068   1.000000
  325       14.310149   1.000000
  326       14.367139   1.000000
  327       14.437179   1.000000
  328       14.510169   1.000000
  329       14.551450   1.000000
  330       14.600283   1.000000
  331       14.700888   1.000000
  332       14.725761   1.000000
  333       14.796686   1.000000
  334       14.887235   1.000000
  335       14.945077   1.000000
  336       14.996103   1.000000
  337       15.127539   1.000000
  338       15.311348   1.000000
  339       15.350811   1.000000
  340       15.365297   1.000000
  341       15.485729   1.000000
  342       15.511588   1.000000
  343       15.597222   1.000000
  344       15.648861   1.000000
  345       15.737837   1.000000
  346       15.786670   1.000000
  347       15.886024   1.000000
  348       15.943806   1.000000
  349       16.041551   1.000000
  350       16.107083   1.000000
  351       16.172730   1.000000
  352       16.210156   1.000000
  353       16.342016   1.000000
  354       16.505340   1.000000
  355       16.516275   1.000000
  356       16.618264   1.000000
  357       16.638101   1.000000
  358       16.755068   1.000000
  359       16.783269   1.000000
  360       16.856108   1.000000
  361       16.939637   1.000000
  362       17.068211   1.000000
  363       17.177155   1.000000
  364       17.245680   1.000000
  365       17.357317   1.000000
  366       17.449863   1.000000
  367       17.460675   1.000000
  368       17.525994   1.000000
  369       17.642390   1.000000
  370       17.670648   1.000000
  371       17.774280   1.000000
  372       17.877125   1.000000
  373       17.941257   1.000000
  374       17.987088   1.000000
  375       18.052665   1.000000
  376       18.140499   1.000000
  377       18.252307   1.000000
  378       18.301804   1.000000
  379       18.456452   1.000000
  380       18.472751   1.000000
  381       18.551178   1.000000
  382       18.676151   1.000000
  383       18.736458   1.000000
  384       18.770963   1.000000
  385       18.786321   1.000000
  386       18.836118   1.000000
  387       18.932550   1.000000
  388       19.094725   1.000000
  389       19.135369   1.000000
  390       19.201619   1.000000
  391       19.341044   1.000000
  392       19.394096   1.000000
  393       19.436663   1.000000
  394       19.474064   1.000000
  395       19.522635   1.000000
  396       19.615507   1.000000
  397       19.659080   1.000000
  398       19.744452   1.000000
  399       19.876861   1.000000
  400       19.917725   1.000000
  401       20.018517   1.000000
  402       20.096958   1.000000
  403       20.120912   1.000000
  404       20.205390   1.000000
  405       20.208199   1.000000
  406       20.265048   1.000000
  407       20.355447   1.000000
  408       20.405062   1.000000
  409       20.541752   1.000000
  410       20.595902   1.000000
  411       20.665837   1.000000
  412       20.712207   1.000000
  413       20.805149   1.000000
  414       20.838447   1.000000
  415       20.888218   1.000000
  416       20.928887   1.000000
  417       20.984905   1.000000
  418       21.083714   1.000000
  419       21.143861   1.000000
  420       21.217901   1.000000
  421       21.258171   1.000000
  422       21.277341   1.000000
  423       21.386052   1.000000
  424       21.454956   1.000000
  425       21.495809   1.000000
  426       21.600901   1.000000
  427       21.682859   1.000000
  428       21.725305   1.000000
  429       21.745078   1.000000
  430       21.869888   1.000000
  431       21.931176   1.000000
  432       21.992169   1.000000
  433       22.074940   1.000000
  434       22.101883   1.000000
  435       22.197499   1.000000
  436       22.282099   1.000000
  437       22.325217   1.000000
  438       22.484567   1.000000
  439       22.532220   1.000000
  440       22.538525   1.000000
  441       22.652306   1.000000
  442       22.811786   1.000000
  443       22.822730   1.000000
  444       22.946034   1.000000
  445       22.963641   1.000000
  446       23.036681   1.000000
  447       23.152787   1.000000
  448       23.268229   1.000000
  449       23.398301   1.000000
  450       23.420362   1.000000
  451       23.439886   1.000000
  452       23.601431   1.000000
  453       23.663941   1.000000
  454       23.738855   1.000000
  455       23.830518   1.000000
  456       23.984581   1.000000
  457       24.050836   1.000000
  458       24.084589   1.000000
  459       24.300872   1.000000
  460       24.486989   1.000000
  461       24.518248   1.000000
  462       25.276219   1.000000
  463       25.463095   1.000000
  464       25.683933   1.000000
  465       25.721118   1.000000
  466       25.843214   1.000000
  467       25.943842   1.000000
  468       25.976367   1.000000
  469       26.079545   1.000000
  470       26.139006   1.000000
  471       26.222479   1.000000
  472       26.312711   1.000000
  473       26.455408   1.000000
  474       26.471846   1.000000
  475       26.512136   1.000000
  476       26.591731   1.000000
  477       26.692215   1.000000
  478       26.817359   1.000000
  479       26.935517   1.000000
  480       26.997653   1.000000
  481       27.076101   1.000000
  482       27.104657   1.000000
  483       27.228027   1.000000
  484       27.291028   1.000000
  485       27.334233   1.000000
  486       27.452067   1.000000
  487       27.462126   1.000000
  488       27.545673   1.000000
  489       27.681547   1.000000
  490       27.752583   1.000000
  491       27.859002   1.000000
  492       27.910178   1.000000
  493       27.999621   1.000000
  494       28.044052   1.000000
  495       28.116972   1.000000
  496       28.206645   1.000000
  497       28.277901   1.000000
  498       28.349377   1.000000
  499       28.377944   1.000000
  500       28.458623   1.000000
  501       28.499002   1.000000
  502       28.553734   1.000000
  503       28.644676   1.000000
  504       28.651545   1.000000
  505       28.800463   1.000000
  506       28.866151   1.000000
  507       28.909452   1.000000
  508       28.967420   1.000000
  509       29.021241   1.000000
  510       29.093521   1.000000
  511       29.181166   1.000000
  512       29.258018   1.000000
  513       29.285412   1.000000
  514       29.352259   1.000000
  515       29.405196   1.000000
  516       29.429090   1.000000
  517       29.461260   1.000000
  518       29.505461   1.000000
  519       29.610867   1.000000
  520       29.666045   1.000000
  521       29.740499   1.000000
  522       29.784008   1.000000
  523       29.819619   1.000000
  524       29.954001   1.000000
  525       29.989697   1.000000
  526       30.063283   1.000000
  527       30.116910   1.000000
  528       30.169316   1.000000
  529       30.208839   1.000000
  530       30.300460   1.000000
  531       30.313260   1.000000
  532       30.354032   1.000000
  533       30.436373   1.000000
  534       30.515928   1.000000
  535       30.523948   1.000000
  536       30.565776   1.000000
  537       30.612832   1.000000
  538       30.710318   1.000000
  539       30.740721   1.000000
  540       30.802156   1.000000
  541       30.864479   1.000000
  542       30.943450   1.000000
  543       30.983032   1.000000
  544       31.011076   1.000000
  545       31.087243   1.000000
  546       31.116241   1.000000
  547       31.208553   1.000000
  548       31.258515   1.000000
  549       31.273131   1.000000
  550       31.325448   1.000000
  551       31.384082   1.000000
  552       31.390481   1.000000
  553       31.435237   1.000000
  554       31.470752   1.000000
  555       31.584693   1.000000
  556       31.634911   1.000000
  557       31.679810   1.000000
  558       31.746090   1.000000
  559       31.787209   1.000000
  560       31.842043   1.000000
  561       31.875037   1.000000
  562       31.935404   1.000000
  563       31.981450   1.000000
  564       32.032472   1.000000
  565       32.096751   1.000000
  566       32.158335   1.000000
  567       32.185401   1.000000
  568       32.281120   1.000000
  569       32.310475   1.000000
  570       32.400504   1.000000
  571       32.445744   1.000000
  572       32.462269   1.000000
  573       32.556021   1.000000
  574       32.596735   1.000000
  575       32.651623   1.000000
  576       32.736021   1.000000
  577       32.781326   1.000000
  578       32.833882   1.000000
  579       32.901422   1.000000
  580       32.969314   1.000000
  581       32.999949   1.000000
  582       33.063045   1.000000
  583       33.074718   1.000000
  584       33.129861   1.000000
  585       33.187386   1.000000
  586       33.218041   1.000000
  587       33.274769   1.000000
  588       33.323808   1.000000
  589       33.356983   1.000000
  590       33.435517   1.000000
  591       33.516464   1.000000
  592       33.549591   1.000000
  593       33.659238   1.000000
  594       33.685949   1.000000
  595       33.738153   1.000000
  596       33.821278   1.000000
  597       33.930831   1.000000
  598       34.023604   1.000000
  599       34.057994   1.000000
  600       34.216756   1.000000
  601       34.254469   1.000000
  602       34.307578   1.000000
  603       34.321006   1.000000
  604       34.396213   1.000000
  605       34.405472   1.000000
  606       34.482111   1.000000
  607       34.536325   1.000000
  608       34.576455   1.000000
  609       34.621604   1.000000
  610       34.709325   1.000000
  611       34.833312   1.000000
  612       34.917593   1.000000
  613       34.956941   1.000000
  614       35.073444   1.000000
  615       35.143920   1.000000
  616       35.204507   1.000000
  617       35.276234   1.000000
  618       35.378231   1.000000
  619       35.489897   1.000000
  620       35.588067   1.000000
  621       35.730620   1.000000
  622       35.780290   1.000000
  623       35.878355   1.000000
  624       35.920181   1.000000
  625       35.952328   1.000000
  626       36.066218   1.000000
  627       36.110264   1.000000
  628       36.203588   1.000000
  629       36.230698   1.000000
  630       36.277135   1.000000
  631       36.324108   1.000000
  632       36.407676   1.000000
  633       36.503926   1.000000
  634       36.538216   1.000000
  635       36.678461   0.999999
  636       36.703305   0.999999
  637       36.822469   0.999999
  638       36.863834   0.999999
  639       36.923996   0.999999
  640       36.947876   0.999999
  641       36.976494   0.999999
  642       37.088528   0.999999
  643       37.162910   0.999999
  644       37.246589   0.999999
  645       37.270019   0.999999
  646       37.296301   0.999999
  647       37.399379   0.999999
  648       37.453072   0.999999
  649       37.499307   0.999999
  650       37.592304   0.999999
  651       37.594393   0.999999
  652       37.670110   0.999999
  653       37.738473   0.999998
  654       37.782175   0.999998
  655       37.835088   0.999998
  656       37.895704   0.999998
  657       37.972086   0.999998
  658       38.011318   0.999998
  659       38.063526   0.999998
  660       38.097591   0.999998
  661       38.145805   0.999998
  662       38.194857   0.999998
  663       38.241148   0.999997
  664       38.275535   0.999997
  665       38.327420   0.999997
  666       38.356244   0.999997
  667       38.373627   0.999997
  668       38.394793   0.999997
  669       38.498760   0.999997
  670       38.523531   0.999997
  671       38.602472   0.999996
  672       38.660210   0.999996
  673       38.744578   0.999996
  674       38.793080   0.999995
  675       38.866276   0.999995
  676       38.964211   0.999995
  677       38.994348   0.999994
  678       39.031210   0.999994
  679       39.114950   0.999994
  680       39.161386   0.999993
  681       39.214613   0.999993
  682       39.268849   0.999993
  683       39.339579   0.999992
  684       39.377127   0.999992
  685       39.440519   0.999991
  686       39.449156   0.999991
  687       39.577085   0.999990
  688       39.605731   0.999990
  689       39.673125   0.999989
  690       39.680241   0.999989
  691       39.703831   0.999989
  692       39.800163   0.999988
  693       39.848409   0.999987
  694       39.902315   0.999986
  695       39.954920   0.999986
  696       39.979781   0.999985
  697       40.066060   0.999984
  698       40.102082   0.999983
  699       40.187525   0.999982
  700       40.307453   0.999979
  701       40.334911   0.999979
  702       40.338518   0.999979
  703       40.441169   0.999977
  704       40.499231   0.999975
  705       40.520331   0.999975
  706       40.591575   0.999973
  707       40.701440   0.999970
  708       40.721472   0.999969
  709       40.788753   0.999967
  710       40.831622   0.999965
  711       40.896292   0.999963
  712       40.946552   0.999961
  713       41.017815   0.999958
  714       41.086630   0.999955
  715       41.138979   0.999953
  716       41.186320   0.999951
  717       41.280752   0.999946
  718       41.298009   0.999945
  719       41.346467   0.999942
  720       41.465387   0.999935
  721       41.569105   0.999927
  722       41.595267   0.999926
  723       41.618349   0.999924
  724       41.674998   0.999919
  725       41.787457   0.999910
  726       41.837518   0.999905
  727       41.851909   0.999904
  728       41.991584   0.999889
  729       42.022387   0.999886
  730       42.107111   0.999876
  731       42.238226   0.999858
  732       42.293996   0.999850
  733       42.352700   0.999841
  734       42.439449   0.999827
  735       42.471156   0.999821
  736       42.500489   0.999816
  737       42.596294   0.999797
  738       42.848063   0.999739
  739       42.879307   0.999731
  740       43.289603   0.999595
  741       43.464141   0.999518
  742       43.551674   0.999473
  743       43.602763   0.999446
  744       43.688496   0.999396
  745       43.888507   0.999263
  746       44.012844   0.999165
  747       44.081851   0.999106
  748       44.235893   0.998957
  749       44.334954   0.998848
  750       44.411040   0.998757
  751       44.512220   0.998625
  752       44.594445   0.998508
  753       44.704389   0.998334
  754       44.757310   0.998244
  755       44.842385   0.998088
  756       44.911423   0.997952
  757       44.928070   0.997918
  758       44.974083   0.997820
  759       45.045624   0.997659
  760       45.176797   0.997331
  761       45.283475   0.997032
  762       45.376588   0.996743
  763       45.400242   0.996665
  764       45.501519   0.996311
  765       45.563232   0.996077
  766       45.622810   0.995838
  767       45.659951   0.995681
  768       45.685275   0.995570
  769       45.719868   0.995415
  770       45.788398   0.995092
  771       45.835070   0.994858
  772       45.875789   0.994646
  773       46.010217   0.993880
  774       46.085158   0.993407
  775       46.154466   0.992937
  776       46.248874   0.992243
  777       46.283980   0.991968
  778       46.295473   0.991876
  779       46.335783   0.991545
  780       46.378381   0.991180
  781       46.451720   0.990515
  782       46.468982   0.990352
  783       46.580071   0.989231
  784       46.627144   0.988717
  785       46.705654   0.987807
  786       46.735944   0.987437
  787       46.770165   0.987005
  788       46.881530   0.985496
  789       46.908085   0.985112
  790       47.017792   0.983414
  791       47.029537   0.983222
  792       47.075182   0.982452
  793       47.130863   0.981466
  794       47.189080   0.980376
  795       47.305085   0.978016
  796       47.366141   0.976664
  797       47.431549   0.975126
  798       47.448183   0.974719
  799       47.508398   0.973192
  800       47.550716   0.972066
  801       47.574787   0.971405
  802       47.608592   0.970450
  803       47.627901   0.969892
  804       47.750575   0.966095
  805       47.815882   0.963890
  806       47.843180   0.962928
  807       47.934536   0.959525
  808       48.035701   0.955408
  809       48.096791   0.952732
  810       48.111416   0.952069
  811       48.206833   0.947522
  812       48.253035   0.945176
  813       48.269671   0.944308
  814       48.292144   0.943114
  815       48.338763   0.940561
  816       48.396930   0.937224
  817       48.446954   0.934216
  818       48.496294   0.931118
  819       48.558544   0.927017
  820       48.608113   0.923591
  821       48.744443   0.913397
  822       48.768112   0.911507
  823       48.817508   0.907440
  824       48.879336   0.902115
  825       48.968513   0.893953
  826       49.046524   0.886327
  827       49.082484   0.882653
  828       49.144818   0.876041
  829       49.214522   0.868272
  830       49.281117   0.860466
  831       49.324857   0.855131
  832       49.328503   0.854679
  833       49.429224   0.841717
  834       49.482552   0.834482
  835       49.499828   0.832082
  836       49.543211   0.825933
  837       49.593705   0.818553
  838       49.640681   0.811472
  839       49.672893   0.806494
  840       49.741847   0.795505
  841       49.745106   0.794975
  842       49.858811   0.775820
  843       49.870257   0.773823
  844       49.966606   0.756517
  845       49.993018   0.751619
  846       50.031617   0.744343
  847       50.127839   0.725606
  848       50.160244   0.719108
  849       50.179951   0.715110
  850       50.217429   0.707413
  851       50.258052   0.698935
  852       50.286895   0.692831
  853       50.373066   0.674194
  854       50.476827   0.651004
  855       50.524174   0.640172
  856       50.583940   0.626292
  857       50.664748   0.607195
  858       50.674407   0.604888
  859       50.704151   0.597758
  860       50.816250   0.570535
  861       50.898037   0.550390
  862       50.937021   0.540725
  863       50.951958   0.537013
  864       51.014825   0.521351
  865       51.118285   0.495500
  866       51.150045   0.487562
  867       51.188418   0.477981
  868       51.276744   0.455999
  869       51.344211   0.439319
  870       51.381776   0.430088
  871       51.441242   0.415576
  872       51.476763   0.406976
  873       51.541238   0.391514
  874       51.639141   0.368453
  875       51.684983   0.357852
  876       51.722007   0.349390
  877       51.737137   0.345958
  878       51.813962   0.328786
  879       51.836335   0.323868
  880       51.861696   0.318340
  881       51.924382   0.304894
  882       51.945801   0.300374
  883       51.998010   0.289518
  884       52.035369   0.281894
  885       52.120507   0.264984
  886       52.175134   0.254482
  887       52.249738   0.240589
  888       52.327196   0.226722
  889       52.380453   0.217521
  890       52.421317   0.210646
  891       52.431846   0.208901
  892       52.513345   0.195752
  893       52.550148   0.190022
  894       52.605838   0.181598
  895       52.668504   0.172470
  896       52.721855   0.164988
  897       52.796601   0.154947
  898       52.820914   0.151790
  899       52.952920   0.135564
  900       53.008660   0.129163
  901       53.075189   0.121863
  902       53.120351   0.117112
  903       53.188936   0.110205
  904       53.291560   0.100537
  905       53.348395   0.095512
  906       53.367831   0.093847
  907       53.425818   0.089030
  908       53.508591   0.082541
  909       53.562487   0.078551
  910       53.634805   0.073473
  911       53.678941   0.070525
  912       53.785622   0.063844
  913       53.818513   0.061906
  914       53.866647   0.059169
  915       53.936160   0.055416
  916       54.039654   0.050241
  917       54.060305   0.049265
  918       54.146070   0.045400
  919       54.237079   0.041615
  920       54.293633   0.039417
  921       54.301526   0.039119
  922       54.343001   0.037589
  923       54.419506   0.034918
  924       54.475552   0.033077
  925       54.562575   0.030404
  926       54.642421   0.028137
  927       54.673949   0.027287
  928       54.786442   0.024455
  929       54.835378   0.023314
  930       54.875918   0.022409
  931       54.949066   0.020861
  932       54.969993   0.020438
  933       55.067712   0.018571
  934       55.108508   0.017842
  935       55.202239   0.016271
  936       55.280541   0.015064
  937       55.326322   0.014400
  938       55.370156   0.013791
  939       55.395004   0.013457
  940       55.443272   0.012831
  941       55.626046   0.010710
  942       55.716595   0.009792
  943       55.760676   0.009374
  944       55.778637   0.009209
  945       55.830220   0.008750
  946       55.887502   0.008267
  947       55.924591   0.007968
  948       55.998908   0.007402
  949       56.060728   0.006961
  950       56.084459   0.006799
  951       56.118945   0.006570
  952       56.169032   0.006251
  953       56.213504   0.005981
  954       56.258359   0.005720
  955       56.368197   0.005128
  956       56.424039   0.004851
  957       56.522464   0.004398
  958       56.548405   0.004286
  959       56.589989   0.004112
  960       56.665457   0.003814
  961       56.723783   0.003599
  962       56.744143   0.003527
  963       56.799704   0.003337
  964       56.900505   0.003018
  965       56.999264   0.002735
  966       57.068734   0.002552
  967       57.104994   0.002461
  968       57.154610   0.002342
  969       57.194154   0.002252
  970       57.265453   0.002097
  971       57.291063   0.002044
  972       57.378320   0.001874
  973       57.383209   0.001864
  974       57.410739   0.001814
  975       57.455704   0.001734
  976       57.557128   0.001567
  977       57.589916   0.001517
  978       57.657153   0.001418
  979       57.686639   0.001377
  980       57.801419   0.001228
  981       57.811396   0.001216
  982       57.869166   0.001148
  983       57.946570   0.001062
  984       57.973186   0.001034
  985       58.019736   0.000987
  986       58.097961   0.000913
  987       58.148182   0.000868
  988       58.217704   0.000810
  989       58.261482   0.000776
  990       58.271646   0.000768
  991       58.323269   0.000729
  992       58.337571   0.000719
  993       58.430401   0.000655
  994       58.455553   0.000639
  995       58.522482   0.000597
  996       58.624317   0.000540
  997       58.640015   0.000531
  998       58.709488   0.000496
  999       58.785881   0.000459
 1000       58.819032   0.000444
 1001       58.907153   0.000407
 1002       58.968660   0.000383
 1003       59.044498   0.000355
 1004       59.072599   0.000345
 1005       59.141069   0.000322
 1006       59.182870   0.000309
 1007       59.226401   0.000296
 1008       59.256787   0.000287
 1009       59.354264   0.000260
 1010       59.472237   0.000231
 1011       59.541540   0.000216
 1012       59.589502   0.000206
 1013       59.611840   0.000201
 1014       59.716671   0.000181
 1015       59.788773   0.000168
 1016       59.817710   0.000164
 1017       59.897350   0.000151
 1018       59.964434   0.000141
 1019       60.061864   0.000128
 1020       60.158686   0.000116
 1021       60.213807   0.000110
 1022       60.303397   0.000101
 1023       60.411854   0.000090
 1024       60.431292   0.000089
 1025       60.559585   0.000078
 1026       60.731613   0.000066
 1027       60.812063   0.000061
 1028       60.871812   0.000057
 1029       60.881320   0.000057
 1030       60.921513   0.000054
 1031       60.971603   0.000052
 1032       61.076364   0.000046
 1033       61.134584   0.000044
 1034       61.225274   0.000040
 1035       61.283316   0.000038
 1036       61.311724   0.000037
 1037       61.357606   0.000035
 1038       61.459536   0.000032
 1039       61.500696   0.000030
 1040       61.583574   0.000028
 1041       61.590342   0.000028
 1042       61.701797   0.000025
 1043       61.726694   0.000024
 1044       61.794749   0.000023
 1045       61.819097   0.000022
 1046       61.830861   0.000022
 1047       61.887568   0.000021
 1048       61.934082   0.000020
 1049       61.968246   0.000019
 1050       62.022416   0.000018
 1051       62.076920   0.000017
 1052       62.181817   0.000015
 1053       62.225477   0.000015
 1054       62.227644   0.000015
 1055       62.312744   0.000014
 1056       62.394152   0.000012
 1057       62.433853   0.000012
 1058       62.502645   0.000011
 1059       62.532336   0.000011
 1060       62.590103   0.000010
 1061       62.627495   0.000010
 1062       62.657417   0.000010
 1063       62.687489   0.000009
 1064       62.749650   0.000009
 1065       62.830605   0.000008
 1066       62.873515   0.000008
 1067       62.920360   0.000007
 1068       62.953151   0.000007
 1069       63.043159   0.000007
 1070       63.097380   0.000006
 1071       63.135567   0.000006
 1072       63.152141   0.000006
 1073       63.173159   0.000006
 1074       63.233807   0.000005
 1075       63.292990   0.000005
 1076       63.298197   0.000005
 1077       63.428379   0.000004
 1078       63.450967   0.000004
 1079       63.484614   0.000004
 1080       63.537139   0.000004
 1081       63.590793   0.000004
 1082       63.674630   0.000003
 1083       63.712648   0.000003
 1084       63.755148   0.000003
 1085       63.810118   0.000003
 1086       63.840048   0.000003
 1087       63.841386   0.000003
 1088       63.885840   0.000003
 1089       63.903904   0.000003
 1090       63.912290   0.000003
 1091       63.978382   0.000003
 1092       64.049260   0.000002
 1093       64.127025   0.000002
 1094       64.164587   0.000002
 1095       64.208146   0.000002
 1096       64.261242   0.000002
 1097       64.286924   0.000002
 1098       64.331008   0.000002
 1099       64.368928   0.000002
 1100       64.409077   0.000002
 1101       64.485683   0.000002
 1102       64.540714   0.000001
 1103       64.589778   0.000001
 1104       64.630469   0.000001
 1105       64.648969   0.000001
 1106       64.716779   0.000001
 1107       64.747246   0.000001
 1108       64.787403   0.000001
 1109       64.804340   0.000001
 1110       64.887171   0.000001
 1111       64.914811   0.000001
 1112       64.946001   0.000001
 1113       64.981469   0.000001
 1114       65.042406   0.000001
 1115       65.132677   0.000001
 1116       65.140642   0.000001
 1117       65.215997   0.000001
 1118       65.248356   0.000001
 1119       65.290903   0.000001
 1120       65.339689   0.000001
 1121       65.367833   0.000001
 1122       65.414761   0.000001
 1123       65.465199   0.000001
 1124       65.487572   0.000001
 1125       65.543943   0.000001
 1126       65.611248   0.000000
 1127       65.631127   0.000000
 1128       65.659177   0.000000
 1129       65.730220   0.000000
 1130       65.809217   0.000000
 1131       65.853900   0.000000
 1132       65.903801   0.000000
 1133       65.932179   0.000000
 1134       65.961410   0.000000
 1135       66.027888   0.000000
 1136       66.097638   0.000000
 1137       66.109638   0.000000
 1138       66.139932   0.000000
 1139       66.155158   0.000000
 1140       66.220629   0.000000
 1141       66.278949   0.000000
 1142       66.310955   0.000000
 1143       66.323897   0.000000
 1144       66.400857   0.000000
 1145       66.477259   0.000000
 1146       66.530173   0.000000
 1147       66.555954   0.000000
 1148       66.600140   0.000000
 1149       66.679391   0.000000
 1150       66.784250   0.000000
 1151       66.816345   0.000000
 1152       66.923842   0.000000
