  217  217    1    1
  0.1652350E+01  0.7104289E-09  0.7104289E-09  0.7104289E-09  0.5000000E-15
  1.000000000000000E-004
  CAR 
 unknown system                          
    218      1    288
 
  0.0000000E+00  0.0000000E+00  0.0000000E+00  0.1000000E+01
    1      -18.709189   0.999999
    2      -17.979661   0.999999
    3      -16.202326   0.999998
    4      -15.796574   0.999997
    5      -15.279920   0.999996
    6      -15.184493   0.999996
    7      -14.594204   0.999995
    8      -13.749441   0.999992
    9      -13.520799   0.999992
   10      -13.227074   0.999990
   11      -12.402245   0.999985
   12      -12.186672   0.999983
   13      -11.866225   0.999981
   14      -11.503596   0.999977
   15      -11.374291   0.999975
   16      -10.912161   0.999969
   17      -10.396600   0.999960
   18      -10.359204   0.999959
   19      -10.265597   0.999957
   20       -9.718934   0.999943
   21       -9.517829   0.999937
   22       -9.098957   0.999923
   23       -8.712329   0.999906
   24       -8.068999   0.999871
   25       -7.904318   0.999860
   26       -7.636893   0.999839
   27       -7.502148   0.999828
   28       -7.213874   0.999802
   29       -6.907000   0.999769
   30       -6.611451   0.999732
   31       -6.024126   0.999640
   32       -5.603800   0.999556
   33       -5.387678   0.999506
   34       -5.260868   0.999474
   35       -4.966588   0.999390
   36       -4.754501   0.999322
   37       -4.424000   0.999200
   38       -3.980225   0.999002
   39       -3.902101   0.998962
   40       -3.758860   0.998885
   41       -3.678414   0.998839
   42       -3.487748   0.998723
   43       -3.384265   0.998656
   44       -3.085369   0.998439
   45       -2.910615   0.998297
   46       -2.786637   0.998188
   47       -2.564423   0.997976
   48       -2.365233   0.997764
   49       -2.069612   0.997409
   50       -1.953230   0.997254
   51       -1.886236   0.997161
   52       -1.554593   0.996651
   53       -1.407734   0.996396
   54       -1.163149   0.995930
   55       -0.873295   0.995298
   56       -0.846199   0.995234
   57       -0.651991   0.994750
   58       -0.157140   0.993287
   59       -0.078333   0.993019
   60       -0.009370   0.992775
   61        0.286955   0.991631
   62        0.444164   0.990953
   63        0.568067   0.990381
   64        0.734470   0.989555
   65        1.087281   0.987565
   66        1.237251   0.986609
   67        1.534963   0.984493
   68        1.722372   0.982996
   69        1.773746   0.982561
   70        1.921215   0.981252
   71        2.243718   0.978043
   72        2.348850   0.976886
   73        2.486072   0.975285
   74        2.850316   0.970493
   75        2.984453   0.968511
   76        3.214329   0.964810
   77        3.407490   0.961380
   78        3.500979   0.959606
   79        4.184037   0.944082
   80        4.253885   0.942209
   81        4.550702   0.933577
   82        4.626267   0.931196
   83        4.852614   0.923581
   84        5.283179   0.906933
   85        5.597343   0.892800
   86        6.054226   0.868895
   87        6.245111   0.857635
   88        6.391215   0.848480
   89        6.602319   0.834405
   90        6.707399   0.827018
   91        6.930832   0.810447
   92        7.097944   0.797277
   93        7.305418   0.779993
   94        7.467328   0.765787
   95        7.596710   0.753985
   96        7.776696   0.736914
   97        7.961785   0.718583
   98        8.110681   0.703286
   99        8.228346   0.690864
  100        8.257580   0.687734
  101        8.359315   0.676707
  102        8.728175   0.635121
  103        8.884999   0.616764
  104        9.293067   0.567535
  105        9.401254   0.554213
  106        9.480450   0.544411
  107        9.767792   0.508609
  108        9.823688   0.501623
  109        9.960542   0.484521
  110       10.100309   0.467093
  111       10.163927   0.459184
  112       10.536965   0.413347
  113       10.726375   0.390586
  114       10.757037   0.386943
  115       11.031201   0.354970
  116       11.095420   0.347653
  117       11.277609   0.327290
  118       11.470888   0.306378
  119       11.633522   0.289374
  120       11.755386   0.277007
  121       12.018119   0.251482
  122       12.107050   0.243205
  123       12.195962   0.235116
  124       12.329999   0.223278
  125       12.459782   0.212227
  126       12.541281   0.205494
  127       12.709036   0.192137
  128       12.815073   0.184042
  129       12.997955   0.170705
  130       13.134336   0.161267
  131       13.263000   0.152754
  132       13.451481   0.140952
  133       13.563678   0.134295
  134       13.894511   0.116200
  135       13.994009   0.111188
  136       14.090480   0.106509
  137       14.262111   0.098614
  138       14.388422   0.093141
  139       14.689974   0.081163
  140       14.934016   0.072516
  141       14.996828   0.070432
  142       15.081910   0.067697
  143       15.318277   0.060608
  144       15.483466   0.056073
  145       15.632342   0.052261
  146       15.689604   0.050861
  147       15.761028   0.049164
  148       15.982057   0.044248
  149       16.089860   0.042024
  150       16.179961   0.040247
  151       16.445406   0.035422
  152       16.562632   0.033473
  153       16.687754   0.031507
  154       16.914892   0.028220
  155       17.135266   0.025350
  156       17.466047   0.021569
  157       17.509722   0.021113
  158       17.568599   0.020513
  159       17.689249   0.019335
  160       17.985062   0.016722
  161       18.133391   0.015545
  162       18.442301   0.013350
  163       18.513294   0.012890
  164       18.620472   0.012226
  165       18.830086   0.011023
  166       18.938012   0.010450
  167       19.058918   0.009843
  168       19.190938   0.009220
  169       19.349538   0.008523
  170       19.406470   0.008286
  171       19.551134   0.007712
  172       19.669028   0.007274
  173       19.755260   0.006969
  174       19.837952   0.006689
  175       20.084610   0.005917
  176       20.205242   0.005573
  177       20.543734   0.004709
  178       20.737630   0.004276
  179       20.918757   0.003907
  180       21.273137   0.003275
  181       21.334417   0.003176
  182       21.480797   0.002953
  183       21.557049   0.002843
  184       21.646195   0.002719
  185       21.764174   0.002564
  186       21.864911   0.002438
  187       22.006706   0.002272
  188       22.320796   0.001942
  189       22.554314   0.001728
  190       22.736884   0.001578
  191       22.877461   0.001471
  192       22.898584   0.001455
  193       22.943915   0.001423
  194       23.134099   0.001294
  195       23.265099   0.001212
  196       23.438502   0.001112
  197       23.562801   0.001045
  198       23.829602   0.000914
  199       23.916045   0.000876
  200       24.079591   0.000807
  201       24.147230   0.000780
  202       24.360337   0.000701
  203       24.459980   0.000667
  204       24.643552   0.000609
  205       24.769111   0.000572
  206       24.840013   0.000552
  207       24.987589   0.000513
  208       25.067005   0.000493
  209       25.162382   0.000470
  210       25.445482   0.000408
  211       25.516659   0.000394
  212       25.706047   0.000358
  213       25.788593   0.000344
  214       25.803176   0.000341
  215       25.988358   0.000311
  216       26.115000   0.000292
  217       26.176246   0.000283
  218       26.284029   0.000268
  219       26.366194   0.000257
  220       26.504010   0.000240
  221       26.610416   0.000228
  222       26.716418   0.000216
  223       26.861934   0.000201
  224       27.056695   0.000182
  225       27.179834   0.000171
  226       27.275958   0.000163
  227       27.427281   0.000151
  228       27.546236   0.000143
  229       27.716843   0.000131
  230       27.883987   0.000121
  231       27.951242   0.000117
  232       28.041545   0.000111
  233       28.155911   0.000105
  234       28.202168   0.000103
  235       28.409349   0.000093
  236       28.522370   0.000088
  237       28.725365   0.000079
  238       28.774661   0.000077
  239       28.952436   0.000071
  240       29.078813   0.000066
  241       29.114564   0.000065
  242       29.309445   0.000059
  243       29.564022   0.000052
  244       29.669556   0.000049
  245       29.821996   0.000046
  246       29.890052   0.000044
  247       30.127226   0.000039
  248       30.275049   0.000036
  249       30.505757   0.000032
  250       30.539279   0.000032
  251       30.636733   0.000030
  252       30.834888   0.000028
  253       31.252694   0.000022
  254       31.378498   0.000021
  255       31.458388   0.000020
  256       31.591319   0.000019
  257       31.742979   0.000018
  258       32.002591   0.000015
  259       32.251399   0.000014
  260       32.417142   0.000012
  261       32.493310   0.000012
  262       32.521496   0.000012
  263       32.622919   0.000011
  264       32.751669   0.000011
  265       32.863948   0.000010
  266       32.954086   0.000010
  267       33.120971   0.000009
  268       33.366429   0.000008
  269       33.513102   0.000007
  270       33.591405   0.000007
  271       33.762982   0.000006
  272       33.841941   0.000006
  273       34.006125   0.000006
  274       34.157111   0.000005
  275       34.322244   0.000005
  276       34.435530   0.000005
  277       34.520849   0.000004
  278       34.715550   0.000004
  279       34.850099   0.000004
  280       34.928547   0.000004
  281       35.060828   0.000003
  282       35.163939   0.000003
  283       35.278829   0.000003
  284       35.295906   0.000003
  285       35.579698   0.000003
  286       35.667323   0.000002
  287       35.709668   0.000002
  288       35.778939   0.000002
